,index,timestamp,open,high,low,close,volume
0,0,1694736000000,0.077084,0.077084,0.077084,0.077084,0
1,1,1694736060000,0.077084,0.077084,0.077084,0.077084,0
2,2,1694736120000,0.077084,0.077084,0.077084,0.077084,0
3,3,1694736180000,0.077084,0.077084,0.077084,0.077084,0
4,4,1694736240000,0.077084,0.077084,0.077084,0.077084,0
5,5,1694736300000,0.077084,0.077084,0.077084,0.077084,0
6,6,1694736360000,0.077084,0.077084,0.077084,0.077084,0
7,7,1694736420000,0.077084,0.077084,0.077084,0.077084,0
8,8,1694736480000,0.077084,0.077084,0.077084,0.077084,0
9,9,1694736540000,0.077084,0.077084,0.077084,0.077084,0
10,10,1694736600000,0.077084,0.077084,0.077084,0.077084,0
11,11,1694736660000,0.077084,0.077084,0.077084,0.077084,0
12,12,1694736720000,0.077084,0.077084,0.077084,0.077084,0
13,13,1694736780000,0.077084,0.077084,0.077084,0.077084,0
14,14,1694736840000,0.077084,0.077084,0.077084,0.077084,0
15,15,1694736900000,0.077084,0.077084,0.077084,0.077084,0
16,16,1694736960000,0.077084,0.077084,0.077084,0.077084,0
17,17,1694737020000,0.077084,0.077084,0.077084,0.077084,0
18,18,1694737080000,0.077084,0.077084,0.077084,0.077084,0
19,19,1694737140000,0.077084,0.077084,0.077084,0.077084,0
20,20,1694737200000,0.077084,0.077084,0.077084,0.077084,0
21,21,1694737260000,0.077084,0.077084,0.077084,0.077084,0
22,22,1694737320000,0.077084,0.077084,0.077084,0.077084,0
23,23,1694737380000,0.077084,0.077084,0.077084,0.077084,0
24,24,1694737440000,0.077084,0.077084,0.077084,0.077084,0
25,25,1694737500000,0.077084,0.077084,0.077084,0.077084,0
26,26,1694737560000,0.077084,0.077084,0.077084,0.077084,0
27,27,1694737620000,0.077084,0.077084,0.077084,0.077084,0
28,28,1694737680000,0.077084,0.077084,0.077084,0.077084,0
29,29,1694737740000,0.077084,0.077084,0.077084,0.077084,0
30,30,1694737800000,0.077084,0.077084,0.077084,0.077084,0
31,31,1694737860000,0.077084,0.077084,0.077084,0.077084,0
32,32,1694737920000,0.077084,0.077084,0.077084,0.077084,0
33,33,1694737980000,0.077084,0.077084,0.077084,0.077084,0
34,34,1694738040000,0.077084,0.077084,0.077084,0.077084,0
35,35,1694738100000,0.077084,0.077084,0.077084,0.077084,0
36,36,1694738160000,0.077084,0.077084,0.077084,0.077084,0
37,37,1694738220000,0.077084,0.077084,0.077084,0.077084,0
38,38,1694738280000,0.077084,0.077084,0.077084,0.077084,0
39,39,1694738340000,0.077084,0.077084,0.077084,0.077084,0
40,40,1694738400000,0.077084,0.077084,0.077084,0.077084,0
41,41,1694738460000,0.077084,0.077084,0.077084,0.077084,0
42,42,1694738520000,0.077084,0.077084,0.077084,0.077084,0
43,43,1694738580000,0.077084,0.077084,0.077084,0.077084,0
44,44,1694738640000,0.077084,0.077084,0.077084,0.077084,0
45,45,1694738700000,0.077084,0.077084,0.077084,0.077084,0
46,46,1694738760000,0.077084,0.077084,0.077084,0.077084,0
47,47,1694738820000,0.077084,0.077084,0.077084,0.077084,0
48,48,1694738880000,0.077084,0.077084,0.077084,0.077084,0
49,49,1694738940000,0.077084,0.077084,0.077084,0.077084,0
50,50,1694739000000,0.077084,0.077084,0.077084,0.077084,0
51,51,1694739060000,0.077084,0.077084,0.077084,0.077084,0
52,52,1694739120000,0.077084,0.077084,0.077084,0.077084,0
53,53,1694739180000,0.077084,0.077084,0.077084,0.077084,0
54,54,1694739240000,0.077084,0.077084,0.077084,0.077084,0
55,55,1694739300000,0.077084,0.077084,0.077084,0.077084,0
56,56,1694739360000,0.077084,0.077084,0.077084,0.077084,0
57,57,1694739420000,0.077084,0.077084,0.077084,0.077084,0
58,58,1694739480000,0.077084,0.077084,0.077084,0.077084,0
59,59,1694739540000,0.077084,0.077084,0.077084,0.077084,0
60,60,1694739600000,0.077084,0.077084,0.077084,0.077084,0
61,61,1694739660000,0.077084,0.077084,0.077084,0.077084,0
62,62,1694739720000,0.077084,0.077084,0.077084,0.077084,0
63,63,1694739780000,0.077084,0.077084,0.077084,0.077084,0
64,64,1694739840000,0.077084,0.077084,0.077084,0.077084,0
65,65,1694739900000,0.077084,0.077084,0.077084,0.077084,0
66,66,1694739960000,0.077084,0.077084,0.077084,0.077084,0
67,67,1694740020000,0.077084,0.077084,0.077084,0.077084,0
68,68,1694740080000,0.077084,0.077084,0.077084,0.077084,0
69,69,1694740140000,0.077084,0.077084,0.077084,0.077084,0
70,70,1694740200000,0.077084,0.077084,0.077084,0.077084,0
71,71,1694740260000,0.077084,0.077084,0.077084,0.077084,0
72,72,1694740320000,0.077084,0.077084,0.077084,0.077084,0
73,73,1694740380000,0.077084,0.077084,0.077084,0.077084,0
74,74,1694740440000,0.077084,0.077084,0.077084,0.077084,0
75,75,1694740500000,0.077084,0.077084,0.077084,0.077084,0
76,76,1694740560000,0.077084,0.077084,0.077084,0.077084,0
77,77,1694740620000,0.077084,0.077084,0.077084,0.077084,0
78,78,1694740680000,0.077084,0.077084,0.077084,0.077084,0
79,79,1694740740000,0.077084,0.077084,0.077084,0.077084,0
80,80,1694740800000,0.077084,0.077084,0.077084,0.077084,0
81,81,1694740860000,0.077084,0.077084,0.077084,0.077084,0
82,82,1694740920000,0.077084,0.077084,0.077084,0.077084,0
83,83,1694740980000,0.077084,0.077084,0.077084,0.077084,0
84,84,1694741040000,0.077084,0.077084,0.077084,0.077084,0
85,85,1694741100000,0.077084,0.077084,0.077084,0.077084,0
86,86,1694741160000,0.077084,0.077084,0.077084,0.077084,0
87,87,1694741220000,0.077084,0.077084,0.077084,0.077084,0
88,88,1694741280000,0.077084,0.077084,0.077084,0.077084,0
89,89,1694741340000,0.077084,0.077084,0.077084,0.077084,0
90,90,1694741400000,0.077084,0.077084,0.077084,0.077084,0
91,91,1694741460000,0.077084,0.077084,0.077084,0.077084,0
92,92,1694741520000,0.077084,0.077084,0.077084,0.077084,0
93,93,1694741580000,0.077084,0.077084,0.077084,0.077084,0
94,94,1694741640000,0.077084,0.077084,0.077084,0.077084,0
95,95,1694741700000,0.077084,0.077084,0.077084,0.077084,0
96,96,1694741760000,0.077084,0.077084,0.077084,0.077084,0
97,97,1694741820000,0.077084,0.077084,0.077084,0.077084,0
98,98,1694741880000,0.077084,0.077084,0.077084,0.077084,0
99,99,1694741940000,0.077084,0.077084,0.077084,0.077084,0
100,100,1694742000000,0.077084,0.077084,0.077084,0.077084,0
101,101,1694742060000,0.077084,0.077084,0.077084,0.077084,0
102,102,1694742120000,0.077084,0.077084,0.077084,0.077084,0
103,103,1694742180000,0.077084,0.077084,0.077084,0.077084,0
104,104,1694742240000,0.077084,0.077084,0.077084,0.077084,0
105,105,1694742300000,0.077084,0.077084,0.077084,0.077084,0
106,106,1694742360000,0.077084,0.077084,0.077084,0.077084,0
107,107,1694742420000,0.077084,0.077084,0.077084,0.077084,0
108,108,1694742480000,0.077084,0.077084,0.077084,0.077084,0
109,109,1694742540000,0.077084,0.077084,0.077084,0.077084,0
110,110,1694742600000,0.077084,0.077084,0.077084,0.077084,0
111,111,1694742660000,0.077084,0.077084,0.077084,0.077084,0
112,112,1694742720000,0.077084,0.077084,0.077084,0.077084,0
113,113,1694742780000,0.077084,0.077084,0.077084,0.077084,0
114,114,1694742840000,0.077084,0.077084,0.077084,0.077084,0
115,115,1694742900000,0.077084,0.077084,0.077084,0.077084,0
116,116,1694742960000,0.077084,0.077084,0.077084,0.077084,0
117,117,1694743020000,0.077084,0.077084,0.077084,0.077084,0
118,118,1694743080000,0.077084,0.077084,0.077084,0.077084,0
119,119,1694743140000,0.077084,0.077084,0.077084,0.077084,0
120,120,1694743200000,0.077084,0.077084,0.077084,0.077084,0
121,121,1694743260000,0.077084,0.077084,0.077084,0.077084,0
122,122,1694743320000,0.077084,0.077084,0.077084,0.077084,0
123,123,1694743380000,0.077084,0.077084,0.077084,0.077084,0
124,124,1694743440000,0.077084,0.077084,0.077084,0.077084,0
125,125,1694743500000,0.077084,0.077084,0.077084,0.077084,0
126,126,1694743560000,0.077084,0.077084,0.077084,0.077084,0
127,127,1694743620000,0.077084,0.077084,0.077084,0.077084,0
128,128,1694743680000,0.077084,0.077084,0.077084,0.077084,0
129,129,1694743740000,0.077084,0.077084,0.077084,0.077084,0
130,130,1694743800000,0.077084,0.077084,0.077084,0.077084,0
131,131,1694743860000,0.077084,0.077084,0.077084,0.077084,0
132,132,1694743920000,0.077084,0.077084,0.077084,0.077084,0
133,133,1694743980000,0.077084,0.077084,0.077084,0.077084,0
134,134,1694744040000,0.077084,0.077084,0.077084,0.077084,0
135,135,1694744100000,0.077084,0.077084,0.077084,0.077084,0
136,136,1694744160000,0.077084,0.077084,0.077084,0.077084,0
137,137,1694744220000,0.077084,0.077084,0.077084,0.077084,0
138,138,1694744280000,0.077084,0.077084,0.077084,0.077084,0
139,139,1694744340000,0.077084,0.077084,0.077084,0.077084,0
140,140,1694744400000,0.077084,0.077084,0.077084,0.077084,0
141,141,1694744460000,0.077084,0.077084,0.077084,0.077084,0
142,142,1694744520000,0.077084,0.077084,0.077084,0.077084,0
143,143,1694744580000,0.077084,0.077084,0.077084,0.077084,0
144,144,1694744640000,0.077084,0.077084,0.077084,0.077084,0
145,145,1694744700000,0.077084,0.077084,0.077084,0.077084,0
146,146,1694744760000,0.077084,0.077084,0.077084,0.077084,0
147,147,1694744820000,0.077084,0.077084,0.077084,0.077084,0
148,148,1694744880000,0.077084,0.077084,0.077084,0.077084,0
149,149,1694744940000,0.077084,0.077084,0.077084,0.077084,0
150,150,1694745000000,0.077084,0.077084,0.077084,0.077084,0
151,151,1694745060000,0.077084,0.077084,0.077084,0.077084,0
152,152,1694745120000,0.077084,0.077084,0.077084,0.077084,0
153,153,1694745180000,0.077084,0.077084,0.077084,0.077084,0
154,154,1694745240000,0.077084,0.077084,0.077084,0.077084,0
155,155,1694745300000,0.077084,0.077084,0.077084,0.077084,0
156,156,1694745360000,0.077084,0.077084,0.077084,0.077084,0
157,157,1694745420000,0.077084,0.077084,0.077084,0.077084,0
158,158,1694745480000,0.077084,0.077084,0.077084,0.077084,0
159,159,1694745540000,0.077084,0.077084,0.077084,0.077084,0
160,160,1694745600000,0.077084,0.077084,0.077084,0.077084,0
161,161,1694745660000,0.077084,0.077084,0.077084,0.077084,0
162,162,1694745720000,0.077084,0.077084,0.077084,0.077084,0
163,163,1694745780000,0.077084,0.077084,0.077084,0.077084,0
164,164,1694745840000,0.077084,0.077084,0.077084,0.077084,0
165,165,1694745900000,0.077084,0.077084,0.077084,0.077084,0
166,166,1694745960000,0.077084,0.077084,0.077084,0.077084,0
167,167,1694746020000,0.077084,0.077084,0.077084,0.077084,0
168,168,1694746080000,0.077084,0.077084,0.077084,0.077084,0
169,169,1694746140000,0.077084,0.077084,0.077084,0.077084,0
170,170,1694746200000,0.077084,0.077084,0.077084,0.077084,0
171,171,1694746260000,0.077084,0.077084,0.077084,0.077084,0
172,172,1694746320000,0.077084,0.077084,0.077084,0.077084,0
173,173,1694746380000,0.077084,0.077084,0.077084,0.077084,0
174,174,1694746440000,0.077084,0.077084,0.077084,0.077084,0
175,175,1694746500000,0.077084,0.077084,0.077084,0.077084,0
176,176,1694746560000,0.077084,0.077084,0.077084,0.077084,0
177,177,1694746620000,0.077084,0.077084,0.077084,0.077084,0
178,178,1694746680000,0.077084,0.077084,0.077084,0.077084,0
179,179,1694746740000,0.077084,0.077084,0.077084,0.077084,0
180,180,1694746800000,0.077084,0.077084,0.077084,0.077084,0
181,181,1694746860000,0.077084,0.077084,0.077084,0.077084,0
182,182,1694746920000,0.077084,0.077084,0.077084,0.077084,0
183,183,1694746980000,0.077084,0.077084,0.077084,0.077084,0
184,184,1694747040000,0.077084,0.077084,0.077084,0.077084,0
185,185,1694747100000,0.077084,0.077084,0.077084,0.077084,0
186,186,1694747160000,0.077084,0.077084,0.077084,0.077084,0
187,187,1694747220000,0.077084,0.077084,0.077084,0.077084,0
188,188,1694747280000,0.077084,0.077084,0.077084,0.077084,0
189,189,1694747340000,0.077084,0.077084,0.077084,0.077084,0
190,190,1694747400000,0.077084,0.077084,0.077084,0.077084,0
191,191,1694747460000,0.077084,0.077084,0.077084,0.077084,0
192,192,1694747520000,0.077084,0.077084,0.077084,0.077084,0
193,193,1694747580000,0.077084,0.077084,0.077084,0.077084,0
194,194,1694747640000,0.077084,0.077084,0.077084,0.077084,0
195,195,1694747700000,0.077084,0.077084,0.077084,0.077084,0
196,196,1694747760000,0.077084,0.077084,0.077084,0.077084,0
197,197,1694747820000,0.077084,0.077084,0.077084,0.077084,0
198,198,1694747880000,0.077084,0.077084,0.077084,0.077084,0
199,199,1694747940000,0.077084,0.077084,0.077084,0.077084,0
200,200,1694748000000,0.077084,0.077084,0.077084,0.077084,0
201,201,1694748060000,0.077084,0.077084,0.077084,0.077084,0
202,202,1694748120000,0.077084,0.077084,0.077084,0.077084,0
203,203,1694748180000,0.077084,0.077084,0.077084,0.077084,0
204,204,1694748240000,0.077084,0.077084,0.077084,0.077084,0
205,205,1694748300000,0.077084,0.077084,0.077084,0.077084,0
206,206,1694748360000,0.077084,0.077084,0.077084,0.077084,0
207,207,1694748420000,0.077084,0.077084,0.077084,0.077084,0
208,208,1694748480000,0.077084,0.077084,0.077084,0.077084,0
209,209,1694748540000,0.077084,0.077084,0.077084,0.077084,0
210,210,1694748600000,0.077084,0.077084,0.077084,0.077084,0
211,211,1694748660000,0.077084,0.077084,0.077084,0.077084,0
212,212,1694748720000,0.077084,0.077084,0.077084,0.077084,0
213,213,1694748780000,0.077084,0.077084,0.077084,0.077084,0
214,214,1694748840000,0.077084,0.077084,0.077084,0.077084,0
215,215,1694748900000,0.077084,0.077084,0.077084,0.077084,0
216,216,1694748960000,0.077084,0.077084,0.077084,0.077084,0
217,217,1694749020000,0.077084,0.077084,0.077084,0.077084,0
218,218,1694749080000,0.077084,0.077084,0.077084,0.077084,0
219,219,1694749140000,0.077084,0.077084,0.077084,0.077084,0
220,220,1694749200000,0.077084,0.077084,0.077084,0.077084,0
221,221,1694749260000,0.077084,0.077084,0.077084,0.077084,0
222,222,1694749320000,0.077084,0.077084,0.077084,0.077084,0
223,223,1694749380000,0.077084,0.077084,0.077084,0.077084,0
224,224,1694749440000,0.077084,0.077084,0.077084,0.077084,0
225,225,1694749500000,0.077084,0.077084,0.077084,0.077084,0
226,226,1694749560000,0.077084,0.077084,0.077084,0.077084,0
227,227,1694749620000,0.077084,0.077084,0.077084,0.077084,0
228,228,1694749680000,0.077084,0.077084,0.077084,0.077084,0
229,229,1694749740000,0.077084,0.077084,0.077084,0.077084,0
230,230,1694749800000,0.077084,0.077084,0.077084,0.077084,0
231,231,1694749860000,0.077084,0.077084,0.077084,0.077084,0
232,232,1694749920000,0.077084,0.077084,0.077084,0.077084,0
233,233,1694749980000,0.077084,0.077084,0.077084,0.077084,0
234,234,1694750040000,0.077084,0.077084,0.077084,0.077084,0
235,235,1694750100000,0.077084,0.077084,0.077084,0.077084,0
236,236,1694750160000,0.077084,0.077084,0.077084,0.077084,0
237,237,1694750220000,0.077084,0.077084,0.077084,0.077084,0
238,238,1694750280000,0.077084,0.077084,0.077084,0.077084,0
239,239,1694750340000,0.077084,0.077084,0.077084,0.077084,0
240,240,1694750400000,0.077084,0.077084,0.077084,0.077084,0
241,241,1694750460000,0.077084,0.077084,0.077084,0.077084,0
242,242,1694750520000,0.077084,0.077084,0.077084,0.077084,0
243,243,1694750580000,0.077084,0.077084,0.077084,0.077084,0
244,244,1694750640000,0.077084,0.077084,0.077084,0.077084,0
245,245,1694750700000,0.077084,0.077084,0.077084,0.077084,0
246,246,1694750760000,0.077084,0.077084,0.077084,0.077084,0
247,247,1694750820000,0.077084,0.077084,0.077084,0.077084,0
248,248,1694750880000,0.077084,0.077084,0.077084,0.077084,0
249,249,1694750940000,0.077084,0.077084,0.077084,0.077084,0
250,250,1694751000000,0.077084,0.077084,0.077084,0.077084,0
251,251,1694751060000,0.077084,0.077084,0.077084,0.077084,0
252,252,1694751120000,0.077084,0.077084,0.077084,0.077084,0
253,253,1694751180000,0.077084,0.077084,0.077084,0.077084,0
254,254,1694751240000,0.077084,0.077084,0.077084,0.077084,0
255,255,1694751300000,0.077084,0.077084,0.077084,0.077084,0
256,256,1694751360000,0.077084,0.077084,0.077084,0.077084,0
257,257,1694751420000,0.077084,0.077084,0.077084,0.077084,0
258,258,1694751480000,0.077084,0.077084,0.077084,0.077084,0
259,259,1694751540000,0.077084,0.077084,0.077084,0.077084,0
260,260,1694751600000,0.077084,0.077084,0.077084,0.077084,0
261,261,1694751660000,0.077084,0.077084,0.077084,0.077084,0
262,262,1694751720000,0.077084,0.077084,0.077084,0.077084,0
263,263,1694751780000,0.077084,0.077084,0.077084,0.077084,0
264,264,1694751840000,0.077084,0.077084,0.077084,0.077084,0
265,265,1694751900000,0.077084,0.077084,0.077084,0.077084,0
266,266,1694751960000,0.077084,0.077084,0.077084,0.077084,0
267,267,1694752020000,0.077084,0.077084,0.077084,0.077084,0
268,268,1694752080000,0.077084,0.077084,0.077084,0.077084,0
269,269,1694752140000,0.077084,0.077084,0.077084,0.077084,0
270,270,1694752200000,0.077084,0.077084,0.077084,0.077084,0
271,271,1694752260000,0.077084,0.077084,0.077084,0.077084,0
272,272,1694752320000,0.077084,0.077084,0.077084,0.077084,0
273,273,1694752380000,0.077084,0.077084,0.077084,0.077084,0
274,274,1694752440000,0.077084,0.077084,0.077084,0.077084,0
275,275,1694752500000,0.077084,0.077084,0.077084,0.077084,0
276,276,1694752560000,0.077084,0.077084,0.077084,0.077084,0
277,277,1694752620000,0.077084,0.077084,0.077084,0.077084,0
278,278,1694752680000,0.077084,0.077084,0.077084,0.077084,0
279,279,1694752740000,0.077084,0.077084,0.077084,0.077084,0
280,280,1694752800000,0.077084,0.077084,0.077084,0.077084,0
281,281,1694752860000,0.077084,0.077084,0.077084,0.077084,0
282,282,1694752920000,0.077084,0.077084,0.077084,0.077084,0
283,283,1694752980000,0.077084,0.077084,0.077084,0.077084,0
284,284,1694753040000,0.077084,0.077084,0.077084,0.077084,0
285,285,1694753100000,0.077084,0.077084,0.077084,0.077084,0
286,286,1694753160000,0.077084,0.077084,0.077084,0.077084,0
287,287,1694753220000,0.077084,0.077084,0.077084,0.077084,0
288,288,1694753280000,0.077084,0.077084,0.077084,0.077084,0
289,289,1694753340000,0.077084,0.077084,0.077084,0.077084,0
290,290,1694753400000,0.077084,0.077084,0.077084,0.077084,0
291,291,1694753460000,0.077084,0.077084,0.077084,0.077084,0
292,292,1694753520000,0.077084,0.077084,0.077084,0.077084,0
293,293,1694753580000,0.077084,0.077084,0.077084,0.077084,0
294,294,1694753640000,0.077084,0.077084,0.077084,0.077084,0
295,295,1694753700000,0.077084,0.077084,0.077084,0.077084,0
296,296,1694753760000,0.077084,0.077084,0.077084,0.077084,0
297,297,1694753820000,0.077084,0.077084,0.077084,0.077084,0
298,298,1694753880000,0.077084,0.077084,0.077084,0.077084,0
299,299,1694753940000,0.077084,0.077084,0.077084,0.077084,0
300,300,1694754000000,0.077084,0.077084,0.077084,0.077084,0
301,301,1694754060000,0.077084,0.077084,0.077084,0.077084,0
302,302,1694754120000,0.077084,0.077084,0.077084,0.077084,0
303,303,1694754180000,0.077084,0.077084,0.077084,0.077084,0
304,304,1694754240000,0.077084,0.077084,0.077084,0.077084,0
305,305,1694754300000,0.077084,0.077084,0.077084,0.077084,0
306,306,1694754360000,0.077084,0.077084,0.077084,0.077084,0
307,307,1694754420000,0.077084,0.077084,0.077084,0.077084,0
308,308,1694754480000,0.077084,0.077084,0.077084,0.077084,0
309,309,1694754540000,0.077084,0.077084,0.077084,0.077084,0
310,310,1694754600000,0.077084,0.077084,0.077084,0.077084,0
311,311,1694754660000,0.077084,0.077084,0.077084,0.077084,0
312,312,1694754720000,0.077084,0.077084,0.077084,0.077084,0
313,313,1694754780000,0.077084,0.077084,0.077084,0.077084,0
314,314,1694754840000,0.077084,0.077084,0.077084,0.077084,0
315,315,1694754900000,0.077084,0.077084,0.077084,0.077084,0
316,316,1694754960000,0.077084,0.077084,0.077084,0.077084,0
317,317,1694755020000,0.077084,0.077084,0.077084,0.077084,0
318,318,1694755080000,0.077084,0.077084,0.077084,0.077084,0
319,319,1694755140000,0.077084,0.077084,0.077084,0.077084,0
320,320,1694755200000,0.077084,0.077084,0.077084,0.077084,0
321,321,1694755260000,0.077084,0.077084,0.077084,0.077084,0
322,322,1694755320000,0.077084,0.077084,0.077084,0.077084,0
323,323,1694755380000,0.077084,0.077084,0.077084,0.077084,0
324,324,1694755440000,0.077084,0.077084,0.077084,0.077084,0
325,325,1694755500000,0.077084,0.077084,0.077084,0.077084,0
326,326,1694755560000,0.077084,0.077084,0.077084,0.077084,0
327,327,1694755620000,0.077084,0.077084,0.077084,0.077084,0
328,328,1694755680000,0.077084,0.077084,0.077084,0.077084,0
329,329,1694755740000,0.077084,0.077084,0.077084,0.077084,0
330,330,1694755800000,0.077084,0.077084,0.077084,0.077084,0
331,331,1694755860000,0.077084,0.077084,0.077084,0.077084,0
332,332,1694755920000,0.077084,0.077084,0.077084,0.077084,0
333,333,1694755980000,0.077084,0.077084,0.077084,0.077084,0
334,334,1694756040000,0.077084,0.077084,0.077084,0.077084,0
335,335,1694756100000,0.077084,0.077084,0.077084,0.077084,0
336,336,1694756160000,0.077084,0.077084,0.077084,0.077084,0
337,337,1694756220000,0.077084,0.077084,0.077084,0.077084,0
338,338,1694756280000,0.077084,0.077084,0.077084,0.077084,0
339,339,1694756340000,0.077084,0.077084,0.077084,0.077084,0
340,340,1694756400000,0.077084,0.077084,0.077084,0.077084,0
341,341,1694756460000,0.077084,0.077084,0.077084,0.077084,0
342,342,1694756520000,0.077084,0.077084,0.077084,0.077084,0
343,343,1694756580000,0.077084,0.077084,0.077084,0.077084,0
344,344,1694756640000,0.077084,0.077084,0.077084,0.077084,0
345,345,1694756700000,0.077084,0.077084,0.077084,0.077084,0
346,346,1694756760000,0.077084,0.077084,0.077084,0.077084,0
347,347,1694756820000,0.077084,0.077084,0.077084,0.077084,0
348,348,1694756880000,0.077084,0.077084,0.077084,0.077084,0
349,349,1694756940000,0.077084,0.077084,0.077084,0.077084,0
350,350,1694757000000,0.077084,0.077084,0.077084,0.077084,0
351,351,1694757060000,0.077084,0.077084,0.077084,0.077084,0
352,352,1694757120000,0.077084,0.077084,0.077084,0.077084,0
353,353,1694757180000,0.077084,0.077084,0.077084,0.077084,0
354,354,1694757240000,0.077084,0.077084,0.077084,0.077084,0
355,355,1694757300000,0.077084,0.077084,0.077084,0.077084,0
356,356,1694757360000,0.077084,0.077084,0.077084,0.077084,0
357,357,1694757420000,0.077084,0.077084,0.077084,0.077084,0
358,358,1694757480000,0.077084,0.077084,0.077084,0.077084,0
359,359,1694757540000,0.077084,0.077084,0.077084,0.077084,0
360,360,1694757600000,0.077084,0.077084,0.077084,0.077084,0
361,361,1694757660000,0.077084,0.077084,0.077084,0.077084,0
362,362,1694757720000,0.077084,0.077084,0.077084,0.077084,0
363,363,1694757780000,0.077084,0.077084,0.077084,0.077084,0
364,364,1694757840000,0.077084,0.077084,0.077084,0.077084,0
365,365,1694757900000,0.077084,0.077084,0.077084,0.077084,0
366,366,1694757960000,0.077084,0.077084,0.077084,0.077084,0
367,367,1694758020000,0.077084,0.077084,0.077084,0.077084,0
368,368,1694758080000,0.077084,0.077084,0.077084,0.077084,0
369,369,1694758140000,0.077084,0.077084,0.077084,0.077084,0
370,370,1694758200000,0.077084,0.077084,0.077084,0.077084,0
371,371,1694758260000,0.077084,0.077084,0.077084,0.077084,0
372,372,1694758320000,0.077084,0.077084,0.077084,0.077084,0
373,373,1694758380000,0.077084,0.077084,0.077084,0.077084,0
374,374,1694758440000,0.077084,0.077084,0.077084,0.077084,0
375,375,1694758500000,0.077084,0.077084,0.077084,0.077084,0
376,376,1694758560000,0.077084,0.077084,0.077084,0.077084,0
377,377,1694758620000,0.077084,0.077084,0.077084,0.077084,0
378,378,1694758680000,0.077084,0.077084,0.077084,0.077084,0
379,379,1694758740000,0.077084,0.077084,0.077084,0.077084,0
380,380,1694758800000,0.077084,0.077084,0.077084,0.077084,0
381,381,1694758860000,0.077084,0.077084,0.077084,0.077084,0
382,382,1694758920000,0.077084,0.077084,0.077084,0.077084,0
383,383,1694758980000,0.077084,0.077084,0.077084,0.077084,0
384,384,1694759040000,0.077084,0.077084,0.077084,0.077084,0
385,385,1694759100000,0.077084,0.077084,0.077084,0.077084,0
386,386,1694759160000,0.077084,0.077084,0.077084,0.077084,0
387,387,1694759220000,0.077084,0.077084,0.077084,0.077084,0
388,388,1694759280000,0.077084,0.077084,0.077084,0.077084,0
389,389,1694759340000,0.077084,0.077084,0.077084,0.077084,0
390,390,1694759400000,0.077084,0.077084,0.077084,0.077084,0
391,391,1694759460000,0.077084,0.077084,0.077084,0.077084,0
392,392,1694759520000,0.077084,0.077084,0.077084,0.077084,0
393,393,1694759580000,0.077084,0.077084,0.077084,0.077084,0
394,394,1694759640000,0.077084,0.077084,0.077084,0.077084,0
395,395,1694759700000,0.077084,0.077084,0.077084,0.077084,0
396,396,1694759760000,0.077084,0.077084,0.077084,0.077084,0
397,397,1694759820000,0.077084,0.077084,0.077084,0.077084,0
398,398,1694759880000,0.077084,0.077084,0.077084,0.077084,0
399,399,1694759940000,0.077084,0.077084,0.077084,0.077084,0
400,400,1694760000000,0.077084,0.077084,0.077084,0.077084,0
401,401,1694760060000,0.077084,0.077084,0.077084,0.077084,0
402,402,1694760120000,0.077084,0.077084,0.077084,0.077084,0
403,403,1694760180000,0.077084,0.077084,0.077084,0.077084,0
404,404,1694760240000,0.077084,0.077084,0.077084,0.077084,0
405,405,1694760300000,0.077084,0.077084,0.077084,0.077084,0
406,406,1694760360000,0.077084,0.077084,0.077084,0.077084,0
407,407,1694760420000,0.077084,0.077084,0.077084,0.077084,0
408,408,1694760480000,0.077084,0.077084,0.077084,0.077084,0
409,409,1694760540000,0.077084,0.077084,0.077084,0.077084,0
410,410,1694760600000,0.077084,0.077084,0.077084,0.077084,0
411,411,1694760660000,0.077084,0.077084,0.077084,0.077084,0
412,412,1694760720000,0.077084,0.077084,0.077084,0.077084,0
413,413,1694760780000,0.077084,0.077084,0.077084,0.077084,0
414,414,1694760840000,0.077084,0.077084,0.077084,0.077084,0
415,415,1694760900000,0.077084,0.077084,0.077084,0.077084,0
416,416,1694760960000,0.077084,0.077084,0.077084,0.077084,0
417,417,1694761020000,0.077084,0.077084,0.077084,0.077084,0
418,418,1694761080000,0.077084,0.077084,0.077084,0.077084,0
419,419,1694761140000,0.077084,0.077084,0.077084,0.077084,0
420,420,1694761200000,0.077084,0.077084,0.077084,0.077084,0
421,421,1694761260000,0.077084,0.077084,0.077084,0.077084,0
422,422,1694761320000,0.077084,0.077084,0.077084,0.077084,0
423,423,1694761380000,0.077084,0.077084,0.077084,0.077084,0
424,424,1694761440000,0.077084,0.077084,0.077084,0.077084,0
425,425,1694761500000,0.077084,0.077084,0.077084,0.077084,0
426,426,1694761560000,0.077084,0.077084,0.077084,0.077084,0
427,427,1694761620000,0.077084,0.077084,0.077084,0.077084,0
428,428,1694761680000,0.077084,0.077084,0.077084,0.077084,0
429,429,1694761740000,0.077084,0.077084,0.077084,0.077084,0
430,430,1694761800000,0.077084,0.077084,0.077084,0.077084,0
431,431,1694761860000,0.077084,0.077084,0.077084,0.077084,0
432,432,1694761920000,0.077084,0.077084,0.077084,0.077084,0
433,433,1694761980000,0.077084,0.077084,0.077084,0.077084,0
434,434,1694762040000,0.077084,0.077084,0.077084,0.077084,0
435,435,1694762100000,0.077084,0.077084,0.077084,0.077084,0
436,436,1694762160000,0.077084,0.077084,0.077084,0.077084,0
437,437,1694762220000,0.077084,0.077084,0.077084,0.077084,0
438,438,1694762280000,0.077084,0.077084,0.077084,0.077084,0
439,439,1694762340000,0.077084,0.077084,0.077084,0.077084,0
440,440,1694762400000,0.077084,0.077084,0.077084,0.077084,0
441,441,1694762460000,0.077084,0.077084,0.077084,0.077084,0
442,442,1694762520000,0.077084,0.077084,0.077084,0.077084,0
443,443,1694762580000,0.077084,0.077084,0.077084,0.077084,0
444,444,1694762640000,0.077084,0.077084,0.077084,0.077084,0
445,445,1694762700000,0.077084,0.077084,0.077084,0.077084,0
446,446,1694762760000,0.077084,0.077084,0.077084,0.077084,0
447,447,1694762820000,0.077084,0.077084,0.077084,0.077084,0
448,448,1694762880000,0.077084,0.077084,0.077084,0.077084,0
449,449,1694762940000,0.077084,0.077084,0.077084,0.077084,0
450,450,1694763000000,0.077084,0.077084,0.077084,0.077084,0
451,451,1694763060000,0.077084,0.077084,0.077084,0.077084,0
452,452,1694763120000,0.077084,0.077084,0.077084,0.077084,0
453,453,1694763180000,0.077084,0.077084,0.077084,0.077084,0
454,454,1694763240000,0.077084,0.077084,0.077084,0.077084,0
455,455,1694763300000,0.077084,0.077084,0.077084,0.077084,0
456,456,1694763360000,0.077084,0.077084,0.077084,0.077084,0
457,457,1694763420000,0.077084,0.077084,0.077084,0.077084,0
458,458,1694763480000,0.077084,0.077084,0.077084,0.077084,0
459,459,1694763540000,0.077084,0.077084,0.077084,0.077084,0
460,460,1694763600000,0.077084,0.077084,0.077084,0.077084,0
461,461,1694763660000,0.077084,0.077084,0.077084,0.077084,0
462,462,1694763720000,0.077084,0.077084,0.077084,0.077084,0
463,463,1694763780000,0.077084,0.077084,0.077084,0.077084,0
464,464,1694763840000,0.077084,0.077084,0.077084,0.077084,0
465,465,1694763900000,0.077084,0.077084,0.077084,0.077084,0
466,466,1694763960000,0.077084,0.077084,0.077084,0.077084,0
467,467,1694764020000,0.077084,0.077084,0.077084,0.077084,0
468,468,1694764080000,0.077084,0.077084,0.077084,0.077084,0
469,469,1694764140000,0.077084,0.077084,0.077084,0.077084,0
470,470,1694764200000,0.077084,0.077084,0.077084,0.077084,0
471,471,1694764260000,0.077084,0.077084,0.077084,0.077084,0
472,472,1694764320000,0.077084,0.077084,0.077084,0.077084,0
473,473,1694764380000,0.077084,0.077084,0.077084,0.077084,0
474,474,1694764440000,0.077084,0.077084,0.077084,0.077084,0
475,475,1694764500000,0.077084,0.077084,0.077084,0.077084,0
476,476,1694764560000,0.077084,0.077084,0.077084,0.077084,0
477,477,1694764620000,0.077084,0.077084,0.077084,0.077084,0
478,478,1694764680000,0.077084,0.077084,0.077084,0.077084,0
479,479,1694764740000,0.077084,0.077084,0.077084,0.077084,0
480,480,1694764800000,0.077084,0.077084,0.077084,0.077084,0
481,481,1694764860000,0.077084,0.077084,0.077084,0.077084,0
482,482,1694764920000,0.077084,0.077084,0.077084,0.077084,0
483,483,1694764980000,0.077084,0.077084,0.077084,0.077084,0
484,484,1694765040000,0.077084,0.077084,0.077084,0.077084,0
485,485,1694765100000,0.077084,0.077084,0.077084,0.077084,0
486,486,1694765160000,0.077084,0.077084,0.077084,0.077084,0
487,487,1694765220000,0.077084,0.077084,0.077084,0.077084,0
488,488,1694765280000,0.077084,0.077084,0.077084,0.077084,0
489,489,1694765340000,0.077084,0.077084,0.077084,0.077084,0
490,490,1694765400000,0.077084,0.077084,0.077084,0.077084,0
491,491,1694765460000,0.077084,0.077084,0.077084,0.077084,0
492,492,1694765520000,0.077084,0.077084,0.077084,0.077084,0
493,493,1694765580000,0.077084,0.077084,0.077084,0.077084,0
494,494,1694765640000,0.077084,0.077084,0.077084,0.077084,0
495,495,1694765700000,0.077084,0.077084,0.077084,0.077084,0
496,496,1694765760000,0.077084,0.077084,0.077084,0.077084,0
497,497,1694765820000,0.077084,0.077084,0.077084,0.077084,0
498,498,1694765880000,0.077084,0.077084,0.077084,0.077084,0
499,499,1694765940000,0.077084,0.077084,0.077084,0.077084,0
500,500,1694766000000,0.077084,0.077084,0.077084,0.077084,0
501,501,1694766060000,0.077084,0.077084,0.077084,0.077084,0
502,502,1694766120000,0.077084,0.077084,0.077084,0.077084,0
503,503,1694766180000,0.077084,0.077084,0.077084,0.077084,0
504,504,1694766240000,0.077084,0.077084,0.077084,0.077084,0
505,505,1694766300000,0.077084,0.077084,0.077084,0.077084,0
506,506,1694766360000,0.077084,0.077084,0.077084,0.077084,0
507,507,1694766420000,0.077084,0.077084,0.077084,0.077084,0
508,508,1694766480000,0.077084,0.077084,0.077084,0.077084,0
509,509,1694766540000,0.077084,0.077084,0.077084,0.077084,0
510,510,1694766600000,0.077084,0.077084,0.077084,0.077084,0
511,511,1694766660000,0.077084,0.077084,0.077084,0.077084,0
512,512,1694766720000,0.077084,0.077084,0.077084,0.077084,0
513,513,1694766780000,0.077084,0.077084,0.077084,0.077084,0
514,514,1694766840000,0.077084,0.077084,0.077084,0.077084,0
515,515,1694766900000,0.077084,0.077084,0.077084,0.077084,0
516,516,1694766960000,0.077084,0.077084,0.077084,0.077084,0
517,517,1694767020000,0.077084,0.077084,0.077084,0.077084,0
518,518,1694767080000,0.077084,0.077084,0.077084,0.077084,0
519,519,1694767140000,0.077084,0.077084,0.077084,0.077084,0
520,520,1694767200000,0.077084,0.077084,0.077084,0.077084,0
521,521,1694767260000,0.077084,0.077084,0.077084,0.077084,0
522,522,1694767320000,0.077084,0.077084,0.077084,0.077084,0
523,523,1694767380000,0.077084,0.077084,0.077084,0.077084,0
524,524,1694767440000,0.077084,0.077084,0.077084,0.077084,0
525,525,1694767500000,0.077084,0.077084,0.077084,0.077084,0
526,526,1694767560000,0.077084,0.077084,0.077084,0.077084,0
527,527,1694767620000,0.077084,0.077084,0.077084,0.077084,0
528,528,1694767680000,0.077084,0.077084,0.077084,0.077084,0
529,529,1694767740000,0.077084,0.077084,0.077084,0.077084,0
530,530,1694767800000,0.077084,0.077084,0.077084,0.077084,0
531,531,1694767860000,0.077084,0.077084,0.077084,0.077084,0
532,532,1694767920000,0.077084,0.077084,0.077084,0.077084,0
533,533,1694767980000,0.077084,0.077084,0.077084,0.077084,0
534,534,1694768040000,0.077084,0.077084,0.077084,0.077084,0
535,535,1694768100000,0.077084,0.077084,0.077084,0.077084,0
536,536,1694768160000,0.077084,0.077084,0.077084,0.077084,0
537,537,1694768220000,0.077084,0.077084,0.077084,0.077084,0
538,538,1694768280000,0.077084,0.077084,0.077084,0.077084,0
539,539,1694768340000,0.077084,0.077084,0.077084,0.077084,0
540,540,1694768400000,0.077084,0.077084,0.077084,0.077084,0
541,541,1694768460000,0.077084,0.077084,0.077084,0.077084,0
542,542,1694768520000,0.077084,0.077084,0.077084,0.077084,0
543,543,1694768580000,0.077084,0.077084,0.077084,0.077084,0
544,544,1694768640000,0.077084,0.077084,0.077084,0.077084,0
545,545,1694768700000,0.077084,0.077084,0.077084,0.077084,0
546,546,1694768760000,0.077084,0.077084,0.077084,0.077084,0
547,547,1694768820000,0.077084,0.077084,0.077084,0.077084,0
548,548,1694768880000,0.077084,0.077084,0.077084,0.077084,0
549,549,1694768940000,0.077084,0.077084,0.077084,0.077084,0
550,550,1694769000000,0.077084,0.077084,0.077084,0.077084,0
551,551,1694769060000,0.077084,0.077084,0.077084,0.077084,0
552,552,1694769120000,0.077084,0.077084,0.077084,0.077084,0
553,553,1694769180000,0.077084,0.077084,0.077084,0.077084,0
554,554,1694769240000,0.077084,0.077084,0.077084,0.077084,0
555,555,1694769300000,0.077084,0.077084,0.077084,0.077084,0
556,556,1694769360000,0.077084,0.077084,0.077084,0.077084,0
557,557,1694769420000,0.077084,0.077084,0.077084,0.077084,0
558,558,1694769480000,0.077084,0.077084,0.077084,0.077084,0
559,559,1694769540000,0.077084,0.077084,0.077084,0.077084,0
560,560,1694769600000,0.077084,0.077084,0.077084,0.077084,0
561,561,1694769660000,0.077084,0.077084,0.077084,0.077084,0
562,562,1694769720000,0.077084,0.077084,0.077084,0.077084,0
563,563,1694769780000,0.077084,0.077084,0.077084,0.077084,0
564,564,1694769840000,0.077084,0.077084,0.077084,0.077084,0
565,565,1694769900000,0.077084,0.077084,0.077084,0.077084,0
566,566,1694769960000,0.077084,0.077084,0.077084,0.077084,0
567,567,1694770020000,0.077084,0.077084,0.077084,0.077084,0
568,568,1694770080000,0.077084,0.077084,0.077084,0.077084,0
569,569,1694770140000,0.077084,0.077084,0.077084,0.077084,0
570,570,1694770200000,0.077084,0.077084,0.077084,0.077084,0
571,571,1694770260000,0.077084,0.077084,0.077084,0.077084,0
572,572,1694770320000,0.077084,0.077084,0.077084,0.077084,0
573,573,1694770380000,0.077084,0.077084,0.077084,0.077084,0
574,574,1694770440000,0.077084,0.077084,0.077084,0.077084,0
575,575,1694770500000,0.077084,0.077084,0.077084,0.077084,0
576,576,1694770560000,0.077084,0.077084,0.077084,0.077084,0
577,577,1694770620000,0.077084,0.077084,0.077084,0.077084,0
578,578,1694770680000,0.077084,0.077084,0.077084,0.077084,0
579,579,1694770740000,0.077084,0.077084,0.077084,0.077084,0
580,580,1694770800000,0.077084,0.077084,0.077084,0.077084,0
581,581,1694770860000,0.077084,0.077084,0.077084,0.077084,0
582,582,1694770920000,0.077084,0.077084,0.077084,0.077084,0
583,583,1694770980000,0.077084,0.077084,0.077084,0.077084,0
584,584,1694771040000,0.077084,0.077084,0.077084,0.077084,0
585,585,1694771100000,0.077084,0.077084,0.077084,0.077084,0
586,586,1694771160000,0.077084,0.077084,0.077084,0.077084,0
587,587,1694771220000,0.077084,0.077084,0.077084,0.077084,0
588,588,1694771280000,0.077084,0.077084,0.077084,0.077084,0
589,589,1694771340000,0.077084,0.077084,0.077084,0.077084,0
590,590,1694771400000,0.077084,0.077084,0.077084,0.077084,0
591,591,1694771460000,0.077084,0.077084,0.077084,0.077084,0
592,592,1694771520000,0.077084,0.077084,0.077084,0.077084,0
593,593,1694771580000,0.077084,0.077084,0.077084,0.077084,0
594,594,1694771640000,0.077084,0.077084,0.077084,0.077084,0
595,595,1694771700000,0.077084,0.077084,0.077084,0.077084,0
596,596,1694771760000,0.077084,0.077084,0.077084,0.077084,0
597,597,1694771820000,0.077084,0.077084,0.077084,0.077084,0
598,598,1694771880000,0.077084,0.077084,0.077084,0.077084,0
599,599,1694771940000,0.077084,0.077084,0.077084,0.077084,0
600,600,1694772000000,0.077084,0.077084,0.077084,0.077084,0
601,601,1694772060000,0.077084,0.077084,0.077084,0.077084,0
602,602,1694772120000,0.077084,0.077084,0.077084,0.077084,0
603,603,1694772180000,0.077084,0.077084,0.077084,0.077084,0
604,604,1694772240000,0.077084,0.077084,0.077084,0.077084,0
605,605,1694772300000,0.077084,0.077084,0.077084,0.077084,0
606,606,1694772360000,0.077084,0.077084,0.077084,0.077084,0
607,607,1694772420000,0.077084,0.077084,0.077084,0.077084,0
608,608,1694772480000,0.077084,0.077084,0.077084,0.077084,0
609,609,1694772540000,0.077084,0.077084,0.077084,0.077084,0
610,610,1694772600000,0.077084,0.077084,0.077084,0.077084,0
611,611,1694772660000,0.077084,0.077084,0.077084,0.077084,0
612,612,1694772720000,0.077084,0.077084,0.077084,0.077084,0
613,613,1694772780000,0.077084,0.077084,0.077084,0.077084,0
614,614,1694772840000,0.077084,0.077084,0.077084,0.077084,0
615,615,1694772900000,0.077084,0.077084,0.077084,0.077084,0
616,616,1694772960000,0.077084,0.077084,0.077084,0.077084,0
617,617,1694773020000,0.077084,0.077084,0.077084,0.077084,0
618,618,1694773080000,0.077084,0.077084,0.077084,0.077084,0
619,619,1694773140000,0.077084,0.077084,0.077084,0.077084,0
620,620,1694773200000,0.077084,0.077084,0.077084,0.077084,0
621,621,1694773260000,0.077084,0.077084,0.077084,0.077084,0
622,622,1694773320000,0.077084,0.077084,0.077084,0.077084,0
623,623,1694773380000,0.077084,0.077084,0.077084,0.077084,0
624,624,1694773440000,0.077084,0.077084,0.077084,0.077084,0
625,625,1694773500000,0.077084,0.077084,0.077084,0.077084,0
626,626,1694773560000,0.077084,0.077084,0.077084,0.077084,0
627,627,1694773620000,0.077084,0.077084,0.077084,0.077084,0
628,628,1694773680000,0.077084,0.077084,0.077084,0.077084,0
629,629,1694773740000,0.077084,0.077084,0.077084,0.077084,0
630,630,1694773800000,0.077084,0.077084,0.077084,0.077084,0
631,631,1694773860000,0.077084,0.077084,0.077084,0.077084,0
632,632,1694773920000,0.077084,0.077084,0.077084,0.077084,0
633,633,1694773980000,0.077084,0.077084,0.077084,0.077084,0
634,634,1694774040000,0.077084,0.077084,0.077084,0.077084,0
635,635,1694774100000,0.077084,0.077084,0.077084,0.077084,0
636,636,1694774160000,0.077084,0.077084,0.077084,0.077084,0
637,637,1694774220000,0.077084,0.077084,0.077084,0.077084,0
638,638,1694774280000,0.077084,0.077084,0.077084,0.077084,0
639,639,1694774340000,0.077084,0.077084,0.077084,0.077084,0
640,640,1694774400000,0.077084,0.077084,0.077084,0.077084,0
641,641,1694774460000,0.077084,0.077084,0.077084,0.077084,0
642,642,1694774520000,0.077084,0.077084,0.077084,0.077084,0
643,643,1694774580000,0.077084,0.077084,0.077084,0.077084,0
644,644,1694774640000,0.077084,0.077084,0.077084,0.077084,0
645,645,1694774700000,0.077084,0.077084,0.077084,0.077084,0
646,646,1694774760000,0.077084,0.077084,0.077084,0.077084,0
647,647,1694774820000,0.077084,0.077084,0.077084,0.077084,0
648,648,1694774880000,0.077084,0.077084,0.077084,0.077084,0
649,649,1694774940000,0.077084,0.077084,0.077084,0.077084,0
650,650,1694775000000,0.077084,0.077084,0.077084,0.077084,0
651,651,1694775060000,0.077084,0.077084,0.077084,0.077084,0
652,652,1694775120000,0.077084,0.077084,0.077084,0.077084,0
653,653,1694775180000,0.077084,0.077084,0.077084,0.077084,0
654,654,1694775240000,0.077084,0.077084,0.077084,0.077084,0
655,655,1694775300000,0.077084,0.077084,0.077084,0.077084,0
656,656,1694775360000,0.077084,0.077084,0.077084,0.077084,0
657,657,1694775420000,0.077084,0.077084,0.077084,0.077084,0
658,658,1694775480000,0.077084,0.077084,0.077084,0.077084,0
659,659,1694775540000,0.077084,0.077084,0.077084,0.077084,0
660,660,1694775600000,0.077084,0.077084,0.077084,0.077084,0
661,661,1694775660000,0.077084,0.077084,0.077084,0.077084,0
662,662,1694775720000,0.077084,0.077084,0.077084,0.077084,0
663,663,1694775780000,0.077084,0.077084,0.077084,0.077084,0
664,664,1694775840000,0.077084,0.077084,0.077084,0.077084,0
665,665,1694775900000,0.077084,0.077084,0.077084,0.077084,0
666,666,1694775960000,0.077084,0.077084,0.077084,0.077084,0
667,667,1694776020000,0.077084,0.077084,0.077084,0.077084,0
668,668,1694776080000,0.077084,0.077084,0.077084,0.077084,0
669,669,1694776140000,0.077084,0.077084,0.077084,0.077084,0
670,670,1694776200000,0.077084,0.077084,0.077084,0.077084,0
671,671,1694776260000,0.077084,0.077084,0.077084,0.077084,0
672,672,1694776320000,0.077084,0.077084,0.077084,0.077084,0
673,673,1694776380000,0.077084,0.077084,0.077084,0.077084,0
674,674,1694776440000,0.077084,0.077084,0.077084,0.077084,0
675,675,1694776500000,0.077084,0.077084,0.077084,0.077084,0
676,676,1694776560000,0.077084,0.077084,0.077084,0.077084,0
677,677,1694776620000,0.077084,0.077084,0.077084,0.077084,0
678,678,1694776680000,0.077084,0.077084,0.077084,0.077084,0
679,679,1694776740000,0.077084,0.077084,0.077084,0.077084,0
680,680,1694776800000,0.077084,0.077084,0.077084,0.077084,0
681,681,1694776860000,0.077084,0.077084,0.077084,0.077084,0
682,682,1694776920000,0.077084,0.077084,0.077084,0.077084,0
683,683,1694776980000,0.077084,0.077084,0.077084,0.077084,0
684,684,1694777040000,0.077084,0.077084,0.077084,0.077084,0
685,685,1694777100000,0.077084,0.077084,0.077084,0.077084,0
686,686,1694777160000,0.077084,0.077084,0.077084,0.077084,0
687,687,1694777220000,0.077084,0.077084,0.077084,0.077084,0
688,688,1694777280000,0.077084,0.077084,0.077084,0.077084,0
689,689,1694777340000,0.077084,0.077084,0.077084,0.077084,0
690,690,1694777400000,0.077084,0.077084,0.077084,0.077084,0
691,691,1694777460000,0.077084,0.077084,0.077084,0.077084,0
692,692,1694777520000,0.077084,0.077084,0.077084,0.077084,0
693,693,1694777580000,0.077084,0.077084,0.077084,0.077084,0
694,694,1694777640000,0.077084,0.077084,0.077084,0.077084,0
695,695,1694777700000,0.077084,0.077084,0.077084,0.077084,0
696,696,1694777760000,0.077084,0.077084,0.077084,0.077084,0
697,697,1694777820000,0.077084,0.077084,0.077084,0.077084,0
698,698,1694777880000,0.077084,0.077084,0.077084,0.077084,0
699,699,1694777940000,0.077084,0.077084,0.077084,0.077084,0
700,700,1694778000000,0.077084,0.077084,0.077084,0.077084,0
701,701,1694778060000,0.077084,0.077084,0.077084,0.077084,0
702,702,1694778120000,0.077084,0.077084,0.077084,0.077084,0
703,703,1694778180000,0.077084,0.077084,0.077084,0.077084,0
704,704,1694778240000,0.077084,0.077084,0.077084,0.077084,0
705,705,1694778300000,0.077084,0.077084,0.077084,0.077084,0
706,706,1694778360000,0.077084,0.077084,0.077084,0.077084,0
707,707,1694778420000,0.077084,0.077084,0.077084,0.077084,0
708,708,1694778480000,0.077084,0.077084,0.077084,0.077084,0
709,709,1694778540000,0.077084,0.077084,0.077084,0.077084,0
710,710,1694778600000,0.077084,0.077084,0.077084,0.077084,0
711,711,1694778660000,0.077084,0.077084,0.077084,0.077084,0
712,712,1694778720000,0.077084,0.077084,0.077084,0.077084,0
713,713,1694778780000,0.077084,0.077084,0.077084,0.077084,0
714,714,1694778840000,0.077084,0.077084,0.077084,0.077084,0
715,715,1694778900000,0.077084,0.077084,0.077084,0.077084,0
716,716,1694778960000,0.077084,0.077084,0.077084,0.077084,0
717,717,1694779020000,0.077084,0.077084,0.077084,0.077084,0
718,718,1694779080000,0.077084,0.077084,0.077084,0.077084,0
719,719,1694779140000,0.077084,0.077084,0.077084,0.077084,0
720,720,1694779200000,0.077084,0.077084,0.077084,0.077084,0
721,721,1694779260000,0.077084,0.077084,0.077084,0.077084,0
722,722,1694779320000,0.077084,0.077084,0.077084,0.077084,0
723,723,1694779380000,0.077084,0.077084,0.077084,0.077084,0
724,724,1694779440000,0.077084,0.077084,0.077084,0.077084,0
725,725,1694779500000,0.077084,0.077084,0.077084,0.077084,0
726,726,1694779560000,0.077084,0.077084,0.077084,0.077084,0
727,727,1694779620000,0.077084,0.077084,0.077084,0.077084,0
728,728,1694779680000,0.077084,0.077084,0.077084,0.077084,0
729,729,1694779740000,0.077084,0.077084,0.077084,0.077084,0
730,730,1694779800000,0.077084,0.077084,0.077084,0.077084,0
731,731,1694779860000,0.077084,0.077084,0.077084,0.077084,0
732,732,1694779920000,0.077084,0.077084,0.077084,0.077084,0
733,733,1694779980000,0.077084,0.077084,0.077084,0.077084,0
734,734,1694780040000,0.077084,0.077084,0.077084,0.077084,0
735,735,1694780100000,0.077084,0.077084,0.077084,0.077084,0
736,736,1694780160000,0.077084,0.077084,0.077084,0.077084,0
737,737,1694780220000,0.077084,0.077084,0.077084,0.077084,0
738,738,1694780280000,0.077084,0.077084,0.077084,0.077084,0
739,739,1694780340000,0.077084,0.077084,0.077084,0.077084,0
740,740,1694780400000,0.077084,0.077084,0.077084,0.077084,0
741,741,1694780460000,0.077084,0.077084,0.077084,0.077084,0
742,742,1694780520000,0.077084,0.077084,0.077084,0.077084,0
743,743,1694780580000,0.077084,0.077084,0.077084,0.077084,0
744,744,1694780640000,0.077084,0.077084,0.077084,0.077084,0
745,745,1694780700000,0.077084,0.077084,0.077084,0.077084,0
746,746,1694780760000,0.077084,0.077084,0.077084,0.077084,0
747,747,1694780820000,0.077084,0.077084,0.077084,0.077084,0
748,748,1694780880000,0.077084,0.077084,0.077084,0.077084,0
749,749,1694780940000,0.077084,0.077084,0.077084,0.077084,0
750,750,1694781000000,0.077084,0.077084,0.077084,0.077084,0
751,751,1694781060000,0.077084,0.077084,0.077084,0.077084,0
752,752,1694781120000,0.077084,0.077084,0.077084,0.077084,0
753,753,1694781180000,0.077084,0.077084,0.077084,0.077084,0
754,754,1694781240000,0.077084,0.077084,0.077084,0.077084,0
755,755,1694781300000,0.077084,0.077084,0.077084,0.077084,0
756,756,1694781360000,0.077084,0.077084,0.077084,0.077084,0
757,757,1694781420000,0.077084,0.077084,0.077084,0.077084,0
758,758,1694781480000,0.077084,0.077084,0.077084,0.077084,0
759,759,1694781540000,0.077084,0.077084,0.077084,0.077084,0
760,760,1694781600000,0.077084,0.077084,0.077084,0.077084,0
761,761,1694781660000,0.077084,0.077084,0.077084,0.077084,0
762,762,1694781720000,0.077084,0.077084,0.077084,0.077084,0
763,763,1694781780000,0.077084,0.077084,0.077084,0.077084,0
764,764,1694781840000,0.077084,0.077084,0.077084,0.077084,0
765,765,1694781900000,0.077084,0.077084,0.077084,0.077084,0
766,766,1694781960000,0.077084,0.077084,0.077084,0.077084,0
767,767,1694782020000,0.077084,0.077084,0.077084,0.077084,0
768,768,1694782080000,0.077084,0.077084,0.077084,0.077084,0
769,769,1694782140000,0.077084,0.077084,0.077084,0.077084,0
770,770,1694782200000,0.077084,0.077084,0.077084,0.077084,0
771,771,1694782260000,0.077084,0.077084,0.077084,0.077084,0
772,772,1694782320000,0.077084,0.077084,0.077084,0.077084,0
773,773,1694782380000,0.077084,0.077084,0.077084,0.077084,0
774,774,1694782440000,0.077084,0.077084,0.077084,0.077084,0
775,775,1694782500000,0.077084,0.077084,0.077084,0.077084,0
776,776,1694782560000,0.077084,0.077084,0.077084,0.077084,0
777,777,1694782620000,0.077084,0.077084,0.077084,0.077084,0
778,778,1694782680000,0.077084,0.077084,0.077084,0.077084,0
779,779,1694782740000,0.077084,0.077084,0.077084,0.077084,0
780,780,1694782800000,0.077084,0.077084,0.077084,0.077084,0
781,781,1694782860000,0.077084,0.077084,0.077084,0.077084,0
782,782,1694782920000,0.077084,0.077084,0.077084,0.077084,0
783,783,1694782980000,0.077084,0.077084,0.077084,0.077084,0
784,784,1694783040000,0.077084,0.077084,0.077084,0.077084,0
785,785,1694783100000,0.077084,0.077084,0.077084,0.077084,0
786,786,1694783160000,0.077084,0.077084,0.077084,0.077084,0
787,787,1694783220000,0.077084,0.077084,0.077084,0.077084,0
788,788,1694783280000,0.077084,0.077084,0.077084,0.077084,0
789,789,1694783340000,0.077084,0.077084,0.077084,0.077084,0
790,790,1694783400000,0.077084,0.077084,0.077084,0.077084,0
791,791,1694783460000,0.077084,0.077084,0.077084,0.077084,0
792,792,1694783520000,0.077084,0.077084,0.077084,0.077084,0
793,793,1694783580000,0.077084,0.077084,0.077084,0.077084,0
794,794,1694783640000,0.077084,0.077084,0.077084,0.077084,0
795,795,1694783700000,0.077084,0.077084,0.077084,0.077084,0
796,796,1694783760000,0.077084,0.077084,0.077084,0.077084,0
797,797,1694783820000,0.077084,0.077084,0.077084,0.077084,0
798,798,1694783880000,0.077084,0.077084,0.077084,0.077084,0
799,799,1694783940000,0.077084,0.077084,0.077084,0.077084,0
800,800,1694784000000,0.077084,0.077084,0.077084,0.077084,0
801,801,1694784060000,0.077084,0.077084,0.077084,0.077084,0
802,802,1694784120000,0.077084,0.077084,0.077084,0.077084,0
803,803,1694784180000,0.077084,0.077084,0.077084,0.077084,0
804,804,1694784240000,0.077084,0.077084,0.077084,0.077084,0
805,805,1694784300000,0.077084,0.077084,0.077084,0.077084,0
806,806,1694784360000,0.077084,0.077084,0.077084,0.077084,0
807,807,1694784420000,0.077084,0.077084,0.077084,0.077084,0
808,808,1694784480000,0.077084,0.077084,0.077084,0.077084,0
809,809,1694784540000,0.077084,0.077084,0.077084,0.077084,0
810,810,1694784600000,0.077084,0.077084,0.077084,0.077084,0
811,811,1694784660000,0.077084,0.077084,0.077084,0.077084,0
812,812,1694784720000,0.077084,0.077084,0.077084,0.077084,0
813,813,1694784780000,0.077084,0.077084,0.077084,0.077084,0
814,814,1694784840000,0.077084,0.077084,0.077084,0.077084,0
815,815,1694784900000,0.077084,0.077084,0.077084,0.077084,0
816,816,1694784960000,0.077084,0.077084,0.077084,0.077084,0
817,817,1694785020000,0.077084,0.077084,0.077084,0.077084,0
818,818,1694785080000,0.077084,0.077084,0.077084,0.077084,0
819,819,1694785140000,0.077084,0.077084,0.077084,0.077084,0
820,820,1694785200000,0.077084,0.077084,0.077084,0.077084,0
821,821,1694785260000,0.077084,0.077084,0.077084,0.077084,0
822,822,1694785320000,0.077084,0.077084,0.077084,0.077084,0
823,823,1694785380000,0.077084,0.077084,0.077084,0.077084,0
824,824,1694785440000,0.077084,0.077084,0.077084,0.077084,0
825,825,1694785500000,0.077084,0.077084,0.077084,0.077084,0
826,826,1694785560000,0.077084,0.077084,0.077084,0.077084,0
827,827,1694785620000,0.077084,0.077084,0.077084,0.077084,0
828,828,1694785680000,0.077084,0.077084,0.077084,0.077084,0
829,829,1694785740000,0.077084,0.077084,0.077084,0.077084,0
830,830,1694785800000,0.077084,0.077084,0.077084,0.077084,0
831,831,1694785860000,0.077084,0.077084,0.077084,0.077084,0
832,832,1694785920000,0.077084,0.077084,0.077084,0.077084,0
833,833,1694785980000,0.077084,0.077084,0.077084,0.077084,0
834,834,1694786040000,0.077084,0.077084,0.077084,0.077084,0
835,835,1694786100000,0.077084,0.077084,0.077084,0.077084,0
836,836,1694786160000,0.077084,0.077084,0.077084,0.077084,0
837,837,1694786220000,0.077084,0.077084,0.077084,0.077084,0
838,838,1694786280000,0.077084,0.077084,0.077084,0.077084,0
839,839,1694786340000,0.077084,0.077084,0.077084,0.077084,0
840,840,1694786400000,0.077084,0.077084,0.077084,0.077084,0
841,841,1694786460000,0.077084,0.077084,0.077084,0.077084,0
842,842,1694786520000,0.077084,0.077084,0.077084,0.077084,0
843,843,1694786580000,0.077084,0.077084,0.077084,0.077084,0
844,844,1694786640000,0.077084,0.077084,0.077084,0.077084,0
845,845,1694786700000,0.077084,0.077084,0.077084,0.077084,0
846,846,1694786760000,0.077084,0.077084,0.077084,0.077084,0
847,847,1694786820000,0.077084,0.077084,0.077084,0.077084,0
848,848,1694786880000,0.077084,0.077084,0.077084,0.077084,0
849,849,1694786940000,0.077084,0.077084,0.077084,0.077084,0
850,850,1694787000000,0.077084,0.077084,0.077084,0.077084,0
851,851,1694787060000,0.077084,0.077084,0.077084,0.077084,0
852,852,1694787120000,0.077084,0.077084,0.077084,0.077084,0
853,853,1694787180000,0.077084,0.077084,0.077084,0.077084,0
854,854,1694787240000,0.077084,0.077084,0.077084,0.077084,0
855,855,1694787300000,0.077084,0.077084,0.077084,0.077084,0
856,856,1694787360000,0.077084,0.077084,0.077084,0.077084,0
857,857,1694787420000,0.077084,0.077084,0.077084,0.077084,0
858,858,1694787480000,0.077084,0.077084,0.077084,0.077084,0
859,859,1694787540000,0.077084,0.077084,0.077084,0.077084,0
860,860,1694787600000,0.077084,0.077084,0.077084,0.077084,0
861,861,1694787660000,0.077084,0.077084,0.077084,0.077084,0
862,862,1694787720000,0.077084,0.077084,0.077084,0.077084,0
863,863,1694787780000,0.077084,0.077084,0.077084,0.077084,0
864,864,1694787840000,0.077084,0.077084,0.077084,0.077084,0
865,865,1694787900000,0.077084,0.077084,0.077084,0.077084,0
866,866,1694787960000,0.077084,0.077084,0.077084,0.077084,0
867,867,1694788020000,0.077084,0.077084,0.077084,0.077084,0
868,868,1694788080000,0.077084,0.077084,0.077084,0.077084,0
869,869,1694788140000,0.077084,0.077084,0.077084,0.077084,0
870,870,1694788200000,0.077084,0.077084,0.077084,0.077084,0
871,871,1694788260000,0.077084,0.077084,0.077084,0.077084,0
872,872,1694788320000,0.077084,0.077084,0.077084,0.077084,0
873,873,1694788380000,0.077084,0.077084,0.077084,0.077084,0
874,874,1694788440000,0.077084,0.077084,0.077084,0.077084,0
875,875,1694788500000,0.077084,0.077084,0.077084,0.077084,0
876,876,1694788560000,0.077084,0.077084,0.077084,0.077084,0
877,877,1694788620000,0.077084,0.077084,0.077084,0.077084,0
878,878,1694788680000,0.077084,0.077084,0.077084,0.077084,0
879,879,1694788740000,0.077084,0.077084,0.077084,0.077084,0
880,880,1694788800000,0.077084,0.077084,0.077084,0.077084,0
881,881,1694788860000,0.077084,0.077084,0.077084,0.077084,0
882,882,1694788920000,0.077084,0.077084,0.077084,0.077084,0
883,883,1694788980000,0.077084,0.077084,0.077084,0.077084,0
884,884,1694789040000,0.077084,0.077084,0.077084,0.077084,0
885,885,1694789100000,0.077084,0.077084,0.077084,0.077084,0
886,886,1694789160000,0.077084,0.077084,0.077084,0.077084,0
887,887,1694789220000,0.077084,0.077084,0.077084,0.077084,0
888,888,1694789280000,0.077084,0.077084,0.077084,0.077084,0
889,889,1694789340000,0.077084,0.077084,0.077084,0.077084,0
890,890,1694789400000,0.077084,0.077084,0.077084,0.077084,0
891,891,1694789460000,0.077084,0.077084,0.077084,0.077084,0
892,892,1694789520000,0.077084,0.077084,0.077084,0.077084,0
893,893,1694789580000,0.077084,0.077084,0.077084,0.077084,0
894,894,1694789640000,0.077084,0.077084,0.077084,0.077084,0
895,895,1694789700000,0.077084,0.077084,0.077084,0.077084,0
896,896,1694789760000,0.077084,0.077084,0.077084,0.077084,0
897,897,1694789820000,0.077084,0.077084,0.077084,0.077084,0
898,898,1694789880000,0.077084,0.077084,0.077084,0.077084,0
899,899,1694789940000,0.077084,0.077084,0.077084,0.077084,0
900,900,1694790000000,0.077084,0.077084,0.077084,0.077084,0
901,901,1694790060000,0.077084,0.077084,0.077084,0.077084,0
902,902,1694790120000,0.077084,0.077084,0.077084,0.077084,0
903,903,1694790180000,0.077084,0.077084,0.077084,0.077084,0
904,904,1694790240000,0.077084,0.077084,0.077084,0.077084,0
905,905,1694790300000,0.077084,0.077084,0.077084,0.077084,0
906,906,1694790360000,0.077084,0.077084,0.077084,0.077084,0
907,907,1694790420000,0.077084,0.077084,0.077084,0.077084,0
908,908,1694790480000,0.077084,0.077084,0.077084,0.077084,0
909,909,1694790540000,0.077084,0.077084,0.077084,0.077084,0
910,910,1694790600000,0.077084,0.077084,0.077084,0.077084,0
911,911,1694790660000,0.077084,0.077084,0.077084,0.077084,0
912,912,1694790720000,0.077084,0.077084,0.077084,0.077084,0
913,913,1694790780000,0.077084,0.077084,0.077084,0.077084,0
914,914,1694790840000,0.077084,0.077084,0.077084,0.077084,0
915,915,1694790900000,0.077084,0.077084,0.077084,0.077084,0
916,916,1694790960000,0.077084,0.077084,0.077084,0.077084,0
917,917,1694791020000,0.077084,0.077084,0.077084,0.077084,0
918,918,1694791080000,0.077084,0.077084,0.077084,0.077084,0
919,919,1694791140000,0.077084,0.077084,0.077084,0.077084,0
920,920,1694791200000,0.077084,0.077084,0.077084,0.077084,0
921,921,1694791260000,0.077084,0.077084,0.077084,0.077084,0
922,922,1694791320000,0.077084,0.077084,0.077084,0.077084,0
923,923,1694791380000,0.077084,0.077084,0.077084,0.077084,0
924,924,1694791440000,0.077084,0.077084,0.077084,0.077084,0
925,925,1694791500000,0.077084,0.077084,0.077084,0.077084,0
926,926,1694791560000,0.077084,0.077084,0.077084,0.077084,0
927,927,1694791620000,0.077084,0.077084,0.077084,0.077084,0
928,928,1694791680000,0.077084,0.077084,0.077084,0.077084,0
929,929,1694791740000,0.077084,0.077084,0.077084,0.077084,0
930,930,1694791800000,0.077084,0.077084,0.077084,0.077084,0
931,931,1694791860000,0.077084,0.077084,0.077084,0.077084,0
932,932,1694791920000,0.077084,0.077084,0.077084,0.077084,0
933,933,1694791980000,0.077084,0.077084,0.077084,0.077084,0
934,934,1694792040000,0.077084,0.077084,0.077084,0.077084,0
935,935,1694792100000,0.077084,0.077084,0.077084,0.077084,0
936,936,1694792160000,0.077084,0.077084,0.077084,0.077084,0
937,937,1694792220000,0.077084,0.077084,0.077084,0.077084,0
938,938,1694792280000,0.077084,0.077084,0.077084,0.077084,0
939,939,1694792340000,0.077084,0.077084,0.077084,0.077084,0
940,940,1694792400000,0.077084,0.077084,0.077084,0.077084,0
941,941,1694792460000,0.077084,0.077084,0.077084,0.077084,0
942,942,1694792520000,0.077084,0.077084,0.077084,0.077084,0
943,943,1694792580000,0.077084,0.077084,0.077084,0.077084,0
944,944,1694792640000,0.077084,0.077084,0.077084,0.077084,0
945,945,1694792700000,0.077084,0.077084,0.077084,0.077084,0
946,946,1694792760000,0.077084,0.077084,0.077084,0.077084,0
947,947,1694792820000,0.077084,0.077084,0.077084,0.077084,0
948,948,1694792880000,0.077084,0.077084,0.077084,0.077084,0
949,949,1694792940000,0.077084,0.077084,0.077084,0.077084,0
950,950,1694793000000,0.077084,0.077084,0.077084,0.077084,0
951,951,1694793060000,0.077084,0.077084,0.077084,0.077084,0
952,952,1694793120000,0.077084,0.077084,0.077084,0.077084,0
953,953,1694793180000,0.077084,0.077084,0.077084,0.077084,0
954,954,1694793240000,0.077084,0.077084,0.077084,0.077084,0
955,955,1694793300000,0.077084,0.077084,0.077084,0.077084,0
956,956,1694793360000,0.077084,0.077084,0.077084,0.077084,0
957,957,1694793420000,0.077084,0.077084,0.077084,0.077084,0
958,958,1694793480000,0.077084,0.077084,0.077084,0.077084,0
959,959,1694793540000,0.077084,0.077084,0.077084,0.077084,0
960,960,1694793600000,0.077084,0.077084,0.077084,0.077084,0
961,961,1694793660000,0.077084,0.077084,0.077084,0.077084,0
962,962,1694793720000,0.077084,0.077084,0.077084,0.077084,0
963,963,1694793780000,0.077084,0.077084,0.077084,0.077084,0
964,964,1694793840000,0.077084,0.077084,0.077084,0.077084,0
965,965,1694793900000,0.077084,0.077084,0.077084,0.077084,0
966,966,1694793960000,0.077084,0.077084,0.077084,0.077084,0
967,967,1694794020000,0.077084,0.077084,0.077084,0.077084,0
968,968,1694794080000,0.077084,0.077084,0.077084,0.077084,0
969,969,1694794140000,0.077084,0.077084,0.077084,0.077084,0
970,970,1694794200000,0.077084,0.077084,0.077084,0.077084,0
971,971,1694794260000,0.077084,0.077084,0.077084,0.077084,0
972,972,1694794320000,0.077084,0.077084,0.077084,0.077084,0
973,973,1694794380000,0.077084,0.077084,0.077084,0.077084,0
974,974,1694794440000,0.077084,0.077084,0.077084,0.077084,0
975,975,1694794500000,0.077084,0.077084,0.077084,0.077084,0
976,976,1694794560000,0.077084,0.077084,0.077084,0.077084,0
977,977,1694794620000,0.077084,0.077084,0.077084,0.077084,0
978,978,1694794680000,0.077084,0.077084,0.077084,0.077084,0
979,979,1694794740000,0.077084,0.077084,0.077084,0.077084,0
980,980,1694794800000,0.077084,0.077084,0.077084,0.077084,0
981,981,1694794860000,0.077084,0.077084,0.077084,0.077084,0
982,982,1694794920000,0.077084,0.077084,0.077084,0.077084,0
983,983,1694794980000,0.077084,0.077084,0.077084,0.077084,0
984,984,1694795040000,0.077084,0.077084,0.077084,0.077084,0
985,985,1694795100000,0.077084,0.077084,0.077084,0.077084,0
986,986,1694795160000,0.077084,0.077084,0.077084,0.077084,0
987,987,1694795220000,0.077084,0.077084,0.077084,0.077084,0
988,988,1694795280000,0.077084,0.077084,0.077084,0.077084,0
989,989,1694795340000,0.077084,0.077084,0.077084,0.077084,0
990,990,1694795400000,0.077084,0.077084,0.077084,0.077084,0
991,991,1694795460000,0.077084,0.077084,0.077084,0.077084,0
992,992,1694795520000,0.077084,0.077084,0.077084,0.077084,0
993,993,1694795580000,0.077084,0.077084,0.077084,0.077084,0
994,994,1694795640000,0.077084,0.077084,0.077084,0.077084,0
995,995,1694795700000,0.077084,0.077084,0.077084,0.077084,0
996,996,1694795760000,0.077084,0.077084,0.077084,0.077084,0
997,997,1694795820000,0.077084,0.077084,0.077084,0.077084,0
998,998,1694795880000,0.077084,0.077084,0.077084,0.077084,0
999,999,1694795940000,0.077084,0.077084,0.077084,0.077084,0
1000,1000,1694796000000,0.077084,0.077084,0.077084,0.077084,0
1001,1001,1694796060000,0.077084,0.077084,0.077084,0.077084,0
1002,1002,1694796120000,0.077084,0.077084,0.077084,0.077084,0
1003,1003,1694796180000,0.077084,0.077084,0.077084,0.077084,0
1004,1004,1694796240000,0.077084,0.077084,0.077084,0.077084,0
1005,1005,1694796300000,0.077084,0.077084,0.077084,0.077084,0
1006,1006,1694796360000,0.077084,0.077084,0.077084,0.077084,0
1007,1007,1694796420000,0.077084,0.077084,0.077084,0.077084,0
1008,1008,1694796480000,0.077084,0.077084,0.077084,0.077084,0
1009,1009,1694796540000,0.077084,0.077084,0.077084,0.077084,0
1010,1010,1694796600000,0.077084,0.077084,0.077084,0.077084,0
1011,1011,1694796660000,0.077084,0.077084,0.077084,0.077084,0
1012,1012,1694796720000,0.077084,0.077084,0.077084,0.077084,0
1013,1013,1694796780000,0.077084,0.077084,0.077084,0.077084,0
1014,1014,1694796840000,0.077084,0.077084,0.077084,0.077084,0
1015,1015,1694796900000,0.077084,0.077084,0.077084,0.077084,0
1016,1016,1694796960000,0.077084,0.077084,0.077084,0.077084,0
1017,1017,1694797020000,0.077084,0.077084,0.077084,0.077084,0
1018,1018,1694797080000,0.077084,0.077084,0.077084,0.077084,0
1019,1019,1694797140000,0.077084,0.077084,0.077084,0.077084,0
1020,1020,1694797200000,0.077084,0.077084,0.077084,0.077084,0
1021,1021,1694797260000,0.077084,0.077084,0.077084,0.077084,0
1022,1022,1694797320000,0.077084,0.077084,0.077084,0.077084,0
1023,1023,1694797380000,0.077084,0.077084,0.077084,0.077084,0
1024,1024,1694797440000,0.077084,0.077084,0.077084,0.077084,0
1025,1025,1694797500000,0.077084,0.077084,0.077084,0.077084,0
1026,1026,1694797560000,0.077084,0.077084,0.077084,0.077084,0
1027,1027,1694797620000,0.077084,0.077084,0.077084,0.077084,0
1028,1028,1694797680000,0.077084,0.077084,0.077084,0.077084,0
1029,1029,1694797740000,0.077084,0.077084,0.077084,0.077084,0
1030,1030,1694797800000,0.077084,0.077084,0.077084,0.077084,0
1031,1031,1694797860000,0.077084,0.077084,0.077084,0.077084,0
1032,1032,1694797920000,0.077084,0.077084,0.077084,0.077084,0
1033,1033,1694797980000,0.077084,0.077084,0.077084,0.077084,0
1034,1034,1694798040000,0.077084,0.077084,0.077084,0.077084,0
1035,1035,1694798100000,0.077084,0.077084,0.077084,0.077084,0
1036,1036,1694798160000,0.077084,0.077084,0.077084,0.077084,0
1037,1037,1694798220000,0.077084,0.077084,0.077084,0.077084,0
1038,1038,1694798280000,0.077084,0.077084,0.077084,0.077084,0
1039,1039,1694798340000,0.077084,0.077084,0.077084,0.077084,0
1040,1040,1694798400000,0.077084,0.077084,0.077084,0.077084,0
1041,1041,1694798460000,0.077084,0.077084,0.077084,0.077084,0
1042,1042,1694798520000,0.077084,0.077084,0.077084,0.077084,0
1043,1043,1694798580000,0.077084,0.077084,0.077084,0.077084,0
1044,1044,1694798640000,0.077084,0.077084,0.077084,0.077084,0
1045,1045,1694798700000,0.077084,0.077084,0.077084,0.077084,0
1046,1046,1694798760000,0.077084,0.077084,0.077084,0.077084,0
1047,1047,1694798820000,0.077084,0.077084,0.077084,0.077084,0
1048,1048,1694798880000,0.077084,0.077084,0.077084,0.077084,0
1049,1049,1694798940000,0.077084,0.077084,0.077084,0.077084,0
1050,1050,1694799000000,0.077084,0.077084,0.077084,0.077084,0
1051,1051,1694799060000,0.077084,0.077084,0.077084,0.077084,0
1052,1052,1694799120000,0.077084,0.077084,0.077084,0.077084,0
1053,1053,1694799180000,0.077084,0.077084,0.077084,0.077084,0
1054,1054,1694799240000,0.077084,0.077084,0.077084,0.077084,0
1055,1055,1694799300000,0.077084,0.077084,0.077084,0.077084,0
1056,1056,1694799360000,0.077084,0.077084,0.077084,0.077084,0
1057,1057,1694799420000,0.077084,0.077084,0.077084,0.077084,0
1058,1058,1694799480000,0.077084,0.077084,0.077084,0.077084,0
1059,1059,1694799540000,0.077084,0.077084,0.077084,0.077084,0
1060,1060,1694799600000,0.077084,0.077084,0.077084,0.077084,0
1061,1061,1694799660000,0.077084,0.077084,0.077084,0.077084,0
1062,1062,1694799720000,0.077084,0.077084,0.077084,0.077084,0
1063,1063,1694799780000,0.077084,0.077084,0.077084,0.077084,0
1064,1064,1694799840000,0.077084,0.077084,0.077084,0.077084,0
1065,1065,1694799900000,0.077084,0.077084,0.077084,0.077084,0
1066,1066,1694799960000,0.077084,0.077084,0.077084,0.077084,0
1067,1067,1694800020000,0.077084,0.077084,0.077084,0.077084,0
1068,1068,1694800080000,0.077084,0.077084,0.077084,0.077084,0
1069,1069,1694800140000,0.077084,0.077084,0.077084,0.077084,0
1070,1070,1694800200000,0.077084,0.077084,0.077084,0.077084,0
1071,1071,1694800260000,0.077084,0.077084,0.077084,0.077084,0
1072,1072,1694800320000,0.077084,0.077084,0.077084,0.077084,0
1073,1073,1694800380000,0.077084,0.077084,0.077084,0.077084,0
1074,1074,1694800440000,0.077084,0.077084,0.077084,0.077084,0
1075,1075,1694800500000,0.077084,0.077084,0.077084,0.077084,0
1076,1076,1694800560000,0.077084,0.077084,0.077084,0.077084,0
1077,1077,1694800620000,0.077084,0.077084,0.077084,0.077084,0
1078,1078,1694800680000,0.077084,0.077084,0.077084,0.077084,0
1079,1079,1694800740000,0.077084,0.077084,0.077084,0.077084,0
1080,1080,1694800800000,0.077084,0.077084,0.077084,0.077084,0
1081,1081,1694800860000,0.077084,0.077084,0.077084,0.077084,0
1082,1082,1694800920000,0.077084,0.077084,0.077084,0.077084,0
1083,1083,1694800980000,0.077084,0.077084,0.077084,0.077084,0
1084,1084,1694801040000,0.077084,0.077084,0.077084,0.077084,0
1085,1085,1694801100000,0.077084,0.077084,0.077084,0.077084,0
1086,1086,1694801160000,0.077084,0.077084,0.077084,0.077084,0
1087,1087,1694801220000,0.077084,0.077084,0.077084,0.077084,0
1088,1088,1694801280000,0.077084,0.077084,0.077084,0.077084,0
1089,1089,1694801340000,0.077084,0.077084,0.077084,0.077084,0
1090,1090,1694801400000,0.077084,0.077084,0.077084,0.077084,0
1091,1091,1694801460000,0.077084,0.077084,0.077084,0.077084,0
1092,1092,1694801520000,0.077084,0.077084,0.077084,0.077084,0
1093,1093,1694801580000,0.077084,0.077084,0.077084,0.077084,0
1094,1094,1694801640000,0.077084,0.077084,0.077084,0.077084,0
1095,1095,1694801700000,0.077084,0.077084,0.077084,0.077084,0
1096,1096,1694801760000,0.077084,0.077084,0.077084,0.077084,0
1097,1097,1694801820000,0.077084,0.077084,0.077084,0.077084,0
1098,1098,1694801880000,0.077084,0.077084,0.077084,0.077084,0
1099,1099,1694801940000,0.077084,0.077084,0.077084,0.077084,0
1100,1100,1694802000000,0.077084,0.077084,0.077084,0.077084,0
1101,1101,1694802060000,0.077084,0.077084,0.077084,0.077084,0
1102,1102,1694802120000,0.077084,0.077084,0.077084,0.077084,0
1103,1103,1694802180000,0.077084,0.077084,0.077084,0.077084,0
1104,1104,1694802240000,0.077084,0.077084,0.077084,0.077084,0
1105,1105,1694802300000,0.077084,0.077084,0.077084,0.077084,0
1106,1106,1694802360000,0.077084,0.077084,0.077084,0.077084,0
1107,1107,1694802420000,0.077084,0.077084,0.077084,0.077084,0
1108,1108,1694802480000,0.077084,0.077084,0.077084,0.077084,0
1109,1109,1694802540000,0.077084,0.077084,0.077084,0.077084,0
1110,1110,1694802600000,0.077084,0.077084,0.077084,0.077084,0
1111,1111,1694802660000,0.077084,0.077084,0.077084,0.077084,0
1112,1112,1694802720000,0.077084,0.077084,0.077084,0.077084,0
1113,1113,1694802780000,0.077084,0.077084,0.077084,0.077084,0
1114,1114,1694802840000,0.077084,0.077084,0.077084,0.077084,0
1115,1115,1694802900000,0.077084,0.077084,0.077084,0.077084,0
1116,1116,1694802960000,0.077084,0.077084,0.077084,0.077084,0
1117,1117,1694803020000,0.077084,0.077084,0.077084,0.077084,0
1118,1118,1694803080000,0.077084,0.077084,0.077084,0.077084,0
1119,1119,1694803140000,0.077084,0.077084,0.077084,0.077084,0
1120,1120,1694803200000,0.077084,0.077084,0.077084,0.077084,0
1121,1121,1694803260000,0.077084,0.077084,0.077084,0.077084,0
1122,1122,1694803320000,0.077084,0.077084,0.077084,0.077084,0
1123,1123,1694803380000,0.077084,0.077084,0.077084,0.077084,0
1124,1124,1694803440000,0.077084,0.077084,0.077084,0.077084,0
1125,1125,1694803500000,0.077084,0.077084,0.077084,0.077084,0
1126,1126,1694803560000,0.077084,0.077084,0.077084,0.077084,0
1127,1127,1694803620000,0.077084,0.077084,0.077084,0.077084,0
1128,1128,1694803680000,0.077084,0.077084,0.077084,0.077084,0
1129,1129,1694803740000,0.077084,0.077084,0.077084,0.077084,0
1130,1130,1694803800000,0.077084,0.077084,0.077084,0.077084,0
1131,1131,1694803860000,0.077084,0.077084,0.077084,0.077084,0
1132,1132,1694803920000,0.077084,0.077084,0.077084,0.077084,0
1133,1133,1694803980000,0.077084,0.077084,0.077084,0.077084,0
1134,1134,1694804040000,0.077084,0.077084,0.077084,0.077084,0
1135,1135,1694804100000,0.077084,0.077084,0.077084,0.077084,0
1136,1136,1694804160000,0.077084,0.077084,0.077084,0.077084,0
1137,1137,1694804220000,0.077084,0.077084,0.077084,0.077084,0
1138,1138,1694804280000,0.077084,0.077084,0.077084,0.077084,0
1139,1139,1694804340000,0.077084,0.077084,0.077084,0.077084,0
1140,1140,1694804400000,0.077084,0.077084,0.077084,0.077084,0
1141,1141,1694804460000,0.077084,0.077084,0.077084,0.077084,0
1142,1142,1694804520000,0.077084,0.077084,0.077084,0.077084,0
1143,1143,1694804580000,0.077084,0.077084,0.077084,0.077084,0
1144,1144,1694804640000,0.077084,0.077084,0.077084,0.077084,0
1145,1145,1694804700000,0.077084,0.077084,0.077084,0.077084,0
1146,1146,1694804760000,0.077084,0.077084,0.077084,0.077084,0
1147,1147,1694804820000,0.077084,0.077084,0.077084,0.077084,0
1148,1148,1694804880000,0.077084,0.077084,0.077084,0.077084,0
1149,1149,1694804940000,0.077084,0.077084,0.077084,0.077084,0
1150,1150,1694805000000,0.077084,0.077084,0.077084,0.077084,0
1151,1151,1694805060000,0.077084,0.077084,0.077084,0.077084,0
1152,1152,1694805120000,0.077084,0.077084,0.077084,0.077084,0
1153,1153,1694805180000,0.077084,0.077084,0.077084,0.077084,0
1154,1154,1694805240000,0.077084,0.077084,0.077084,0.077084,0
1155,1155,1694805300000,0.077084,0.077084,0.077084,0.077084,0
1156,1156,1694805360000,0.077084,0.077084,0.077084,0.077084,0
1157,1157,1694805420000,0.077084,0.077084,0.077084,0.077084,0
1158,1158,1694805480000,0.077084,0.077084,0.077084,0.077084,0
1159,1159,1694805540000,0.077084,0.077084,0.077084,0.077084,0
1160,1160,1694805600000,0.077084,0.077084,0.077084,0.077084,0
1161,1161,1694805660000,0.077084,0.077084,0.077084,0.077084,0
1162,1162,1694805720000,0.077084,0.077084,0.077084,0.077084,0
1163,1163,1694805780000,0.077084,0.077084,0.077084,0.077084,0
1164,1164,1694805840000,0.077084,0.077084,0.077084,0.077084,0
1165,1165,1694805900000,0.077084,0.077084,0.077084,0.077084,0
1166,1166,1694805960000,0.077084,0.077084,0.077084,0.077084,0
1167,1167,1694806020000,0.077084,0.077084,0.077084,0.077084,0
1168,1168,1694806080000,0.077084,0.077084,0.077084,0.077084,0
1169,1169,1694806140000,0.077084,0.077084,0.077084,0.077084,0
1170,1170,1694806200000,0.077084,0.077084,0.077084,0.077084,0
1171,1171,1694806260000,0.077084,0.077084,0.077084,0.077084,0
1172,1172,1694806320000,0.077084,0.077084,0.077084,0.077084,0
1173,1173,1694806380000,0.077084,0.077084,0.077084,0.077084,0
1174,1174,1694806440000,0.077084,0.077084,0.077084,0.077084,0
1175,1175,1694806500000,0.077084,0.077084,0.077084,0.077084,0
1176,1176,1694806560000,0.077084,0.077084,0.077084,0.077084,0
1177,1177,1694806620000,0.077084,0.077084,0.077084,0.077084,0
1178,1178,1694806680000,0.077084,0.077084,0.077084,0.077084,0
1179,1179,1694806740000,0.077084,0.077084,0.077084,0.077084,0
1180,1180,1694806800000,0.077084,0.077084,0.077084,0.077084,0
1181,1181,1694806860000,0.077084,0.077084,0.077084,0.077084,0
1182,1182,1694806920000,0.077084,0.077084,0.077084,0.077084,0
1183,1183,1694806980000,0.077084,0.077084,0.077084,0.077084,0
1184,1184,1694807040000,0.077084,0.077084,0.077084,0.077084,0
1185,1185,1694807100000,0.077084,0.077084,0.077084,0.077084,0
1186,1186,1694807160000,0.077084,0.077084,0.077084,0.077084,0
1187,1187,1694807220000,0.077084,0.077084,0.077084,0.077084,0
1188,1188,1694807280000,0.077084,0.077084,0.077084,0.077084,0
1189,1189,1694807340000,0.077084,0.077084,0.077084,0.077084,0
1190,1190,1694807400000,0.077084,0.077084,0.077084,0.077084,0
1191,1191,1694807460000,0.077084,0.077084,0.077084,0.077084,0
1192,1192,1694807520000,0.077084,0.077084,0.077084,0.077084,0
1193,1193,1694807580000,0.077084,0.077084,0.077084,0.077084,0
1194,1194,1694807640000,0.077084,0.077084,0.077084,0.077084,0
1195,1195,1694807700000,0.077084,0.077084,0.077084,0.077084,0
1196,1196,1694807760000,0.077084,0.077084,0.077084,0.077084,0
1197,1197,1694807820000,0.077084,0.077084,0.077084,0.077084,0
1198,1198,1694807880000,0.077084,0.077084,0.077084,0.077084,0
1199,1199,1694807940000,0.077084,0.077084,0.077084,0.077084,0
1200,1200,1694808000000,0.077084,0.077084,0.077084,0.077084,0
1201,1201,1694808060000,0.077084,0.077084,0.077084,0.077084,0
1202,1202,1694808120000,0.077084,0.077084,0.077084,0.077084,0
1203,1203,1694808180000,0.077084,0.077084,0.077084,0.077084,0
1204,1204,1694808240000,0.077084,0.077084,0.077084,0.077084,0
1205,1205,1694808300000,0.077084,0.077084,0.077084,0.077084,0
1206,1206,1694808360000,0.077084,0.077084,0.077084,0.077084,0
1207,1207,1694808420000,0.077084,0.077084,0.077084,0.077084,0
1208,1208,1694808480000,0.077084,0.077084,0.077084,0.077084,0
1209,1209,1694808540000,0.077084,0.077084,0.077084,0.077084,0
1210,1210,1694808600000,0.077084,0.077084,0.077084,0.077084,0
1211,1211,1694808660000,0.077084,0.077084,0.077084,0.077084,0
1212,1212,1694808720000,0.077084,0.077084,0.077084,0.077084,0
1213,1213,1694808780000,0.077084,0.077084,0.077084,0.077084,0
1214,1214,1694808840000,0.077084,0.077084,0.077084,0.077084,0
1215,1215,1694808900000,0.077084,0.077084,0.077084,0.077084,0
1216,1216,1694808960000,0.077084,0.077084,0.077084,0.077084,0
1217,1217,1694809020000,0.077084,0.077084,0.077084,0.077084,0
1218,1218,1694809080000,0.077084,0.077084,0.077084,0.077084,0
1219,1219,1694809140000,0.077084,0.077084,0.077084,0.077084,0
1220,1220,1694809200000,0.077084,0.077084,0.077084,0.077084,0
1221,1221,1694809260000,0.077084,0.077084,0.077084,0.077084,0
1222,1222,1694809320000,0.077084,0.077084,0.077084,0.077084,0
1223,1223,1694809380000,0.077084,0.077084,0.077084,0.077084,0
1224,1224,1694809440000,0.077084,0.077084,0.077084,0.077084,0
1225,1225,1694809500000,0.077084,0.077084,0.077084,0.077084,0
1226,1226,1694809560000,0.077084,0.077084,0.077084,0.077084,0
1227,1227,1694809620000,0.077084,0.077084,0.077084,0.077084,0
1228,1228,1694809680000,0.077084,0.077084,0.077084,0.077084,0
1229,1229,1694809740000,0.077084,0.077084,0.077084,0.077084,0
1230,1230,1694809800000,0.077084,0.077084,0.077084,0.077084,0
1231,1231,1694809860000,0.077084,0.077084,0.077084,0.077084,0
1232,1232,1694809920000,0.077084,0.077084,0.077084,0.077084,0
1233,1233,1694809980000,0.077084,0.077084,0.077084,0.077084,0
1234,1234,1694810040000,0.077084,0.077084,0.077084,0.077084,0
1235,1235,1694810100000,0.077084,0.077084,0.077084,0.077084,0
1236,1236,1694810160000,0.077084,0.077084,0.077084,0.077084,0
1237,1237,1694810220000,0.077084,0.077084,0.077084,0.077084,0
1238,1238,1694810280000,0.077084,0.077084,0.077084,0.077084,0
1239,1239,1694810340000,0.077084,0.077084,0.077084,0.077084,0
1240,1240,1694810400000,0.077084,0.077084,0.077084,0.077084,0
1241,1241,1694810460000,0.077084,0.077084,0.077084,0.077084,0
1242,1242,1694810520000,0.077084,0.077084,0.077084,0.077084,0
1243,1243,1694810580000,0.077084,0.077084,0.077084,0.077084,0
1244,1244,1694810640000,0.077084,0.077084,0.077084,0.077084,0
1245,1245,1694810700000,0.077084,0.077084,0.077084,0.077084,0
1246,1246,1694810760000,0.077084,0.077084,0.077084,0.077084,0
1247,1247,1694810820000,0.077084,0.077084,0.077084,0.077084,0
1248,1248,1694810880000,0.077084,0.077084,0.077084,0.077084,0
1249,1249,1694810940000,0.077084,0.077084,0.077084,0.077084,0
1250,1250,1694811000000,0.077084,0.077084,0.077084,0.077084,0
1251,1251,1694811060000,0.077084,0.077084,0.077084,0.077084,0
1252,1252,1694811120000,0.077084,0.077084,0.077084,0.077084,0
1253,1253,1694811180000,0.077084,0.077084,0.077084,0.077084,0
1254,1254,1694811240000,0.077084,0.077084,0.077084,0.077084,0
1255,1255,1694811300000,0.077084,0.077084,0.077084,0.077084,0
1256,1256,1694811360000,0.077084,0.077084,0.077084,0.077084,0
1257,1257,1694811420000,0.077084,0.077084,0.077084,0.077084,0
1258,1258,1694811480000,0.077084,0.077084,0.077084,0.077084,0
1259,1259,1694811540000,0.077084,0.077084,0.077084,0.077084,0
1260,1260,1694811600000,0.077084,0.077084,0.077084,0.077084,0
1261,1261,1694811660000,0.077084,0.077084,0.077084,0.077084,0
1262,1262,1694811720000,0.077084,0.077084,0.077084,0.077084,0
1263,1263,1694811780000,0.077084,0.077084,0.077084,0.077084,0
1264,1264,1694811840000,0.077084,0.077084,0.077084,0.077084,0
1265,1265,1694811900000,0.077084,0.077084,0.077084,0.077084,0
1266,1266,1694811960000,0.077084,0.077084,0.077084,0.077084,0
1267,1267,1694812020000,0.077084,0.077084,0.077084,0.077084,0
1268,1268,1694812080000,0.077084,0.077084,0.077084,0.077084,0
1269,1269,1694812140000,0.077084,0.077084,0.077084,0.077084,0
1270,1270,1694812200000,0.077084,0.077084,0.077084,0.077084,0
1271,1271,1694812260000,0.077084,0.077084,0.077084,0.077084,0
1272,1272,1694812320000,0.077084,0.077084,0.077084,0.077084,0
1273,1273,1694812380000,0.077084,0.077084,0.077084,0.077084,0
1274,1274,1694812440000,0.077084,0.077084,0.077084,0.077084,0
1275,1275,1694812500000,0.077084,0.077084,0.077084,0.077084,0
1276,1276,1694812560000,0.077084,0.077084,0.077084,0.077084,0
1277,1277,1694812620000,0.077084,0.077084,0.077084,0.077084,0
1278,1278,1694812680000,0.077084,0.077084,0.077084,0.077084,0
1279,1279,1694812740000,0.077084,0.077084,0.077084,0.077084,0
1280,1280,1694812800000,0.077084,0.077084,0.077084,0.077084,0
1281,1281,1694812860000,0.077084,0.077084,0.077084,0.077084,0
1282,1282,1694812920000,0.077084,0.077084,0.077084,0.077084,0
1283,1283,1694812980000,0.077084,0.077084,0.077084,0.077084,0
1284,1284,1694813040000,0.077084,0.077084,0.077084,0.077084,0
1285,1285,1694813100000,0.077084,0.077084,0.077084,0.077084,0
1286,1286,1694813160000,0.077084,0.077084,0.077084,0.077084,0
1287,1287,1694813220000,0.077084,0.077084,0.077084,0.077084,0
1288,1288,1694813280000,0.077084,0.077084,0.077084,0.077084,0
1289,1289,1694813340000,0.077084,0.077084,0.077084,0.077084,0
1290,1290,1694813400000,0.077084,0.077084,0.077084,0.077084,0
1291,1291,1694813460000,0.077084,0.077084,0.077084,0.077084,0
1292,1292,1694813520000,0.077084,0.077084,0.077084,0.077084,0
1293,1293,1694813580000,0.077084,0.077084,0.077084,0.077084,0
1294,1294,1694813640000,0.077084,0.077084,0.077084,0.077084,0
1295,1295,1694813700000,0.077084,0.077084,0.077084,0.077084,0
1296,1296,1694813760000,0.077084,0.077084,0.077084,0.077084,0
1297,1297,1694813820000,0.077084,0.077084,0.077084,0.077084,0
1298,1298,1694813880000,0.077084,0.077084,0.077084,0.077084,0
1299,1299,1694813940000,0.077084,0.077084,0.077084,0.077084,0
1300,1300,1694814000000,0.077084,0.077084,0.077084,0.077084,0
1301,1301,1694814060000,0.077084,0.077084,0.077084,0.077084,0
1302,1302,1694814120000,0.077084,0.077084,0.077084,0.077084,0
1303,1303,1694814180000,0.077084,0.077084,0.077084,0.077084,0
1304,1304,1694814240000,0.077084,0.077084,0.077084,0.077084,0
1305,1305,1694814300000,0.077084,0.077084,0.077084,0.077084,0
1306,1306,1694814360000,0.077084,0.077084,0.077084,0.077084,0
1307,1307,1694814420000,0.077084,0.077084,0.077084,0.077084,0
1308,1308,1694814480000,0.077084,0.077084,0.077084,0.077084,0
1309,1309,1694814540000,0.077084,0.077084,0.077084,0.077084,0
1310,1310,1694814600000,0.077084,0.077084,0.077084,0.077084,0
1311,1311,1694814660000,0.077084,0.077084,0.077084,0.077084,0
1312,1312,1694814720000,0.077084,0.077084,0.077084,0.077084,0
1313,1313,1694814780000,0.077084,0.077084,0.077084,0.077084,0
1314,1314,1694814840000,0.077084,0.077084,0.077084,0.077084,0
1315,1315,1694814900000,0.077084,0.077084,0.077084,0.077084,0
1316,1316,1694814960000,0.077084,0.077084,0.077084,0.077084,0
1317,1317,1694815020000,0.077084,0.077084,0.077084,0.077084,0
1318,1318,1694815080000,0.077084,0.077084,0.077084,0.077084,0
1319,1319,1694815140000,0.077084,0.077084,0.077084,0.077084,0
1320,1320,1694815200000,0.077084,0.077084,0.077084,0.077084,0
1321,1321,1694815260000,0.077084,0.077084,0.077084,0.077084,0
1322,1322,1694815320000,0.077084,0.077084,0.077084,0.077084,0
1323,1323,1694815380000,0.077084,0.077084,0.077084,0.077084,0
1324,1324,1694815440000,0.077084,0.077084,0.077084,0.077084,0
1325,1325,1694815500000,0.077084,0.077084,0.077084,0.077084,0
1326,1326,1694815560000,0.077084,0.077084,0.077084,0.077084,0
1327,1327,1694815620000,0.077084,0.077084,0.077084,0.077084,0
1328,1328,1694815680000,0.077084,0.077084,0.077084,0.077084,0
1329,1329,1694815740000,0.077084,0.077084,0.077084,0.077084,0
1330,1330,1694815800000,0.077084,0.077084,0.077084,0.077084,0
1331,1331,1694815860000,0.077084,0.077084,0.077084,0.077084,0
1332,1332,1694815920000,0.077084,0.077084,0.077084,0.077084,0
1333,1333,1694815980000,0.077084,0.077084,0.077084,0.077084,0
1334,1334,1694816040000,0.077084,0.077084,0.077084,0.077084,0
1335,1335,1694816100000,0.077084,0.077084,0.077084,0.077084,0
1336,1336,1694816160000,0.077084,0.077084,0.077084,0.077084,0
1337,1337,1694816220000,0.077084,0.077084,0.077084,0.077084,0
1338,1338,1694816280000,0.077084,0.077084,0.077084,0.077084,0
1339,1339,1694816340000,0.077084,0.077084,0.077084,0.077084,0
1340,1340,1694816400000,0.077084,0.077084,0.077084,0.077084,0
1341,1341,1694816460000,0.077084,0.077084,0.077084,0.077084,0
1342,1342,1694816520000,0.077084,0.077084,0.077084,0.077084,0
1343,1343,1694816580000,0.077084,0.077084,0.077084,0.077084,0
1344,1344,1694816640000,0.077084,0.077084,0.077084,0.077084,0
1345,1345,1694816700000,0.077084,0.077084,0.077084,0.077084,0
1346,1346,1694816760000,0.077084,0.077084,0.077084,0.077084,0
1347,1347,1694816820000,0.077084,0.077084,0.077084,0.077084,0
1348,1348,1694816880000,0.077084,0.077084,0.077084,0.077084,0
1349,1349,1694816940000,0.077084,0.077084,0.077084,0.077084,0
1350,1350,1694817000000,0.077084,0.077084,0.077084,0.077084,0
1351,1351,1694817060000,0.077084,0.077084,0.077084,0.077084,0
1352,1352,1694817120000,0.077084,0.077084,0.077084,0.077084,0
1353,1353,1694817180000,0.077084,0.077084,0.077084,0.077084,0
1354,1354,1694817240000,0.077084,0.077084,0.077084,0.077084,0
1355,1355,1694817300000,0.077084,0.077084,0.077084,0.077084,0
1356,1356,1694817360000,0.077084,0.077084,0.077084,0.077084,0
1357,1357,1694817420000,0.077084,0.077084,0.077084,0.077084,0
1358,1358,1694817480000,0.077084,0.077084,0.077084,0.077084,0
1359,1359,1694817540000,0.077084,0.077084,0.077084,0.077084,0
1360,1360,1694817600000,0.077084,0.077084,0.077084,0.077084,0
1361,1361,1694817660000,0.077084,0.077084,0.077084,0.077084,0
1362,1362,1694817720000,0.077084,0.077084,0.077084,0.077084,0
1363,1363,1694817780000,0.077084,0.077084,0.077084,0.077084,0
1364,1364,1694817840000,0.077084,0.077084,0.077084,0.077084,0
1365,1365,1694817900000,0.077084,0.077084,0.077084,0.077084,0
1366,1366,1694817960000,0.077084,0.077084,0.077084,0.077084,0
1367,1367,1694818020000,0.077084,0.077084,0.077084,0.077084,0
1368,1368,1694818080000,0.077084,0.077084,0.077084,0.077084,0
1369,1369,1694818140000,0.077084,0.077084,0.077084,0.077084,0
1370,1370,1694818200000,0.077084,0.077084,0.077084,0.077084,0
1371,1371,1694818260000,0.077084,0.077084,0.077084,0.077084,0
1372,1372,1694818320000,0.077084,0.077084,0.077084,0.077084,0
1373,1373,1694818380000,0.077084,0.077084,0.077084,0.077084,0
1374,1374,1694818440000,0.077084,0.077084,0.077084,0.077084,0
1375,1375,1694818500000,0.077084,0.077084,0.077084,0.077084,0
1376,1376,1694818560000,0.077084,0.077084,0.077084,0.077084,0
1377,1377,1694818620000,0.077084,0.077084,0.077084,0.077084,0
1378,1378,1694818680000,0.077084,0.077084,0.077084,0.077084,0
1379,1379,1694818740000,0.077084,0.077084,0.077084,0.077084,0
1380,1380,1694818800000,0.077084,0.077084,0.077084,0.077084,0
1381,1381,1694818860000,0.077084,0.077084,0.077084,0.077084,0
1382,1382,1694818920000,0.077084,0.077084,0.077084,0.077084,0
1383,1383,1694818980000,0.077084,0.077084,0.077084,0.077084,0
1384,1384,1694819040000,0.077084,0.077084,0.077084,0.077084,0
1385,1385,1694819100000,0.077084,0.077084,0.077084,0.077084,0
1386,1386,1694819160000,0.077084,0.077084,0.077084,0.077084,0
1387,1387,1694819220000,0.077084,0.077084,0.077084,0.077084,0
1388,1388,1694819280000,0.077084,0.077084,0.077084,0.077084,0
1389,1389,1694819340000,0.077084,0.077084,0.077084,0.077084,0
1390,1390,1694819400000,0.077084,0.077084,0.077084,0.077084,0
1391,1391,1694819460000,0.077084,0.077084,0.077084,0.077084,0
1392,1392,1694819520000,0.077084,0.077084,0.077084,0.077084,0
1393,1393,1694819580000,0.077084,0.077084,0.077084,0.077084,0
1394,1394,1694819640000,0.077084,0.077084,0.077084,0.077084,0
1395,1395,1694819700000,0.077084,0.077084,0.077084,0.077084,0
1396,1396,1694819760000,0.077084,0.077084,0.077084,0.077084,0
1397,1397,1694819820000,0.077084,0.077084,0.077084,0.077084,0
1398,1398,1694819880000,0.077084,0.077084,0.077084,0.077084,0
1399,1399,1694819940000,0.077084,0.077084,0.077084,0.077084,0
1400,1400,1694820000000,0.077084,0.077084,0.077084,0.077084,0
1401,1401,1694820060000,0.077084,0.077084,0.077084,0.077084,0
1402,1402,1694820120000,0.077084,0.077084,0.077084,0.077084,0
1403,1403,1694820180000,0.077084,0.077084,0.077084,0.077084,0
1404,1404,1694820240000,0.077084,0.077084,0.077084,0.077084,0
1405,1405,1694820300000,0.077084,0.077084,0.077084,0.077084,0
1406,1406,1694820360000,0.077084,0.077084,0.077084,0.077084,0
1407,1407,1694820420000,0.077084,0.077084,0.077084,0.077084,0
1408,1408,1694820480000,0.077084,0.077084,0.077084,0.077084,0
1409,1409,1694820540000,0.077084,0.077084,0.077084,0.077084,0
1410,1410,1694820600000,0.077084,0.077084,0.077084,0.077084,0
1411,1411,1694820660000,0.077084,0.077084,0.077084,0.077084,0
1412,1412,1694820720000,0.077084,0.077084,0.077084,0.077084,0
1413,1413,1694820780000,0.077084,0.077084,0.077084,0.077084,0
1414,1414,1694820840000,0.077084,0.077084,0.077084,0.077084,0
1415,1415,1694820900000,0.077084,0.077084,0.077084,0.077084,0
1416,1416,1694820960000,0.077084,0.077084,0.077084,0.077084,0
1417,1417,1694821020000,0.077084,0.077084,0.077084,0.077084,0
1418,1418,1694821080000,0.077084,0.077084,0.077084,0.077084,0
1419,1419,1694821140000,0.077084,0.077084,0.077084,0.077084,0
1420,1420,1694821200000,0.077084,0.077084,0.077084,0.077084,0
1421,1421,1694821260000,0.077084,0.077084,0.077084,0.077084,0
1422,1422,1694821320000,0.077084,0.077084,0.077084,0.077084,0
1423,1423,1694821380000,0.077084,0.077084,0.077084,0.077084,0
1424,1424,1694821440000,0.077084,0.077084,0.077084,0.077084,0
1425,1425,1694821500000,0.077084,0.077084,0.077084,0.077084,0
1426,1426,1694821560000,0.077084,0.077084,0.077084,0.077084,0
1427,1427,1694821620000,0.077084,0.077084,0.077084,0.077084,0
1428,1428,1694821680000,0.077084,0.077084,0.077084,0.077084,0
1429,1429,1694821740000,0.077084,0.077084,0.077084,0.077084,0
1430,1430,1694821800000,0.077084,0.077084,0.077084,0.077084,0
1431,1431,1694821860000,0.077084,0.077084,0.077084,0.077084,0
1432,1432,1694821920000,0.077084,0.077084,0.077084,0.077084,0
1433,1433,1694821980000,0.077084,0.077084,0.077084,0.077084,0
1434,1434,1694822040000,0.077084,0.077084,0.077084,0.077084,0
1435,1435,1694822100000,0.077084,0.077084,0.077084,0.077084,0
1436,1436,1694822160000,0.077084,0.077084,0.077084,0.077084,0
1437,1437,1694822220000,0.077084,0.077084,0.077084,0.077084,0
1438,1438,1694822280000,0.077084,0.077084,0.077084,0.077084,0
1439,1439,1694822340000,0.077084,0.077084,0.077084,0.077084,0
