,index,timestamp,open,high,low,close,volume
0,0,1694131200000,0.241,0.241,0.241,0.241,0
1,1,1694131260000,0.241,0.241,0.241,0.241,0
2,2,1694131320000,0.241,0.241,0.241,0.241,0
3,3,1694131380000,0.241,0.241,0.241,0.241,0
4,4,1694131440000,0.241,0.241,0.241,0.241,0
5,5,1694131500000,0.241,0.241,0.241,0.241,0
6,6,1694131560000,0.241,0.241,0.241,0.241,0
7,7,1694131620000,0.241,0.241,0.241,0.241,0
8,8,1694131680000,0.241,0.241,0.241,0.241,0
9,9,1694131740000,0.241,0.241,0.241,0.241,0
10,10,1694131800000,0.241,0.241,0.241,0.241,0
11,11,1694131860000,0.241,0.241,0.241,0.241,0
12,12,1694131920000,0.241,0.241,0.241,0.241,0
13,13,1694131980000,0.241,0.241,0.241,0.241,0
14,14,1694132040000,0.241,0.241,0.241,0.241,0
15,15,1694132100000,0.241,0.241,0.241,0.241,0
16,16,1694132160000,0.241,0.241,0.241,0.241,0
17,17,1694132220000,0.241,0.241,0.241,0.241,0
18,18,1694132280000,0.241,0.241,0.241,0.241,0
19,19,1694132340000,0.241,0.241,0.241,0.241,0
20,20,1694132400000,0.241,0.241,0.241,0.241,0
21,21,1694132460000,0.241,0.241,0.241,0.241,0
22,22,1694132520000,0.241,0.241,0.241,0.241,0
23,23,1694132580000,0.241,0.241,0.241,0.241,0
24,24,1694132640000,0.241,0.241,0.241,0.241,0
25,25,1694132700000,0.241,0.241,0.241,0.241,0
26,26,1694132760000,0.241,0.241,0.241,0.241,0
27,27,1694132820000,0.241,0.241,0.241,0.241,0
28,28,1694132880000,0.241,0.241,0.241,0.241,0
29,29,1694132940000,0.241,0.241,0.241,0.241,0
30,30,1694133000000,0.241,0.241,0.241,0.241,0
31,31,1694133060000,0.241,0.241,0.241,0.241,0
32,32,1694133120000,0.241,0.241,0.241,0.241,0
33,33,1694133180000,0.241,0.241,0.241,0.241,0
34,34,1694133240000,0.241,0.241,0.241,0.241,0
35,35,1694133300000,0.241,0.241,0.241,0.241,0
36,36,1694133360000,0.241,0.241,0.241,0.241,0
37,37,1694133420000,0.241,0.241,0.241,0.241,0
38,38,1694133480000,0.241,0.241,0.241,0.241,0
39,39,1694133540000,0.241,0.241,0.241,0.241,0
40,40,1694133600000,0.241,0.241,0.241,0.241,0
41,41,1694133660000,0.241,0.241,0.241,0.241,0
42,42,1694133720000,0.241,0.241,0.241,0.241,0
43,43,1694133780000,0.241,0.241,0.241,0.241,0
44,44,1694133840000,0.241,0.241,0.241,0.241,0
45,45,1694133900000,0.241,0.241,0.241,0.241,0
46,46,1694133960000,0.241,0.241,0.241,0.241,0
47,47,1694134020000,0.241,0.241,0.241,0.241,0
48,48,1694134080000,0.241,0.241,0.241,0.241,0
49,49,1694134140000,0.241,0.241,0.241,0.241,0
50,50,1694134200000,0.241,0.241,0.241,0.241,0
51,51,1694134260000,0.241,0.241,0.241,0.241,0
52,52,1694134320000,0.241,0.241,0.241,0.241,0
53,53,1694134380000,0.241,0.241,0.241,0.241,0
54,54,1694134440000,0.241,0.241,0.241,0.241,0
55,55,1694134500000,0.241,0.241,0.241,0.241,0
56,56,1694134560000,0.241,0.241,0.241,0.241,0
57,57,1694134620000,0.241,0.241,0.241,0.241,0
58,58,1694134680000,0.241,0.241,0.241,0.241,0
59,59,1694134740000,0.241,0.241,0.241,0.241,0
60,60,1694134800000,0.241,0.241,0.241,0.241,0
61,61,1694134860000,0.241,0.241,0.241,0.241,0
62,62,1694134920000,0.241,0.241,0.241,0.241,0
63,63,1694134980000,0.241,0.241,0.241,0.241,0
64,64,1694135040000,0.241,0.241,0.241,0.241,0
65,65,1694135100000,0.241,0.241,0.241,0.241,0
66,66,1694135160000,0.241,0.241,0.241,0.241,0
67,67,1694135220000,0.241,0.241,0.241,0.241,0
68,68,1694135280000,0.241,0.241,0.241,0.241,0
69,69,1694135340000,0.241,0.241,0.241,0.241,0
70,70,1694135400000,0.241,0.241,0.241,0.241,0
71,71,1694135460000,0.241,0.241,0.241,0.241,0
72,72,1694135520000,0.241,0.241,0.241,0.241,0
73,73,1694135580000,0.241,0.241,0.241,0.241,0
74,74,1694135640000,0.241,0.241,0.241,0.241,0
75,75,1694135700000,0.241,0.241,0.241,0.241,0
76,76,1694135760000,0.241,0.241,0.241,0.241,0
77,77,1694135820000,0.241,0.241,0.241,0.241,0
78,78,1694135880000,0.241,0.241,0.241,0.241,0
79,79,1694135940000,0.241,0.241,0.241,0.241,0
80,80,1694136000000,0.241,0.241,0.241,0.241,0
81,81,1694136060000,0.241,0.241,0.241,0.241,0
82,82,1694136120000,0.241,0.241,0.241,0.241,0
83,83,1694136180000,0.241,0.241,0.241,0.241,0
84,84,1694136240000,0.241,0.241,0.241,0.241,0
85,85,1694136300000,0.241,0.241,0.241,0.241,0
86,86,1694136360000,0.241,0.241,0.241,0.241,0
87,87,1694136420000,0.241,0.241,0.241,0.241,0
88,88,1694136480000,0.241,0.241,0.241,0.241,0
89,89,1694136540000,0.241,0.241,0.241,0.241,0
90,90,1694136600000,0.241,0.241,0.241,0.241,0
91,91,1694136660000,0.241,0.241,0.241,0.241,0
92,92,1694136720000,0.241,0.241,0.241,0.241,0
93,93,1694136780000,0.241,0.241,0.241,0.241,0
94,94,1694136840000,0.241,0.241,0.241,0.241,0
95,95,1694136900000,0.241,0.241,0.241,0.241,0
96,96,1694136960000,0.241,0.241,0.241,0.241,0
97,97,1694137020000,0.241,0.241,0.241,0.241,0
98,98,1694137080000,0.241,0.241,0.241,0.241,0
99,99,1694137140000,0.241,0.241,0.241,0.241,0
100,100,1694137200000,0.241,0.241,0.241,0.241,0
101,101,1694137260000,0.241,0.241,0.241,0.241,0
102,102,1694137320000,0.241,0.241,0.241,0.241,0
103,103,1694137380000,0.241,0.241,0.241,0.241,0
104,104,1694137440000,0.241,0.241,0.241,0.241,0
105,105,1694137500000,0.241,0.241,0.241,0.241,0
106,106,1694137560000,0.241,0.241,0.241,0.241,0
107,107,1694137620000,0.241,0.241,0.241,0.241,0
108,108,1694137680000,0.241,0.241,0.241,0.241,0
109,109,1694137740000,0.241,0.241,0.241,0.241,0
110,110,1694137800000,0.241,0.241,0.241,0.241,0
111,111,1694137860000,0.241,0.241,0.241,0.241,0
112,112,1694137920000,0.241,0.241,0.241,0.241,0
113,113,1694137980000,0.241,0.241,0.241,0.241,0
114,114,1694138040000,0.241,0.241,0.241,0.241,0
115,115,1694138100000,0.241,0.241,0.241,0.241,0
116,116,1694138160000,0.241,0.241,0.241,0.241,0
117,117,1694138220000,0.241,0.241,0.241,0.241,0
118,118,1694138280000,0.241,0.241,0.241,0.241,0
119,119,1694138340000,0.241,0.241,0.241,0.241,0
120,120,1694138400000,0.241,0.241,0.241,0.241,0
121,121,1694138460000,0.241,0.241,0.241,0.241,0
122,122,1694138520000,0.241,0.241,0.241,0.241,0
123,123,1694138580000,0.241,0.241,0.241,0.241,0
124,124,1694138640000,0.241,0.241,0.241,0.241,0
125,125,1694138700000,0.241,0.241,0.241,0.241,0
126,126,1694138760000,0.241,0.241,0.241,0.241,0
127,127,1694138820000,0.241,0.241,0.241,0.241,0
128,128,1694138880000,0.241,0.241,0.241,0.241,0
129,129,1694138940000,0.241,0.241,0.241,0.241,0
130,130,1694139000000,0.241,0.241,0.241,0.241,0
131,131,1694139060000,0.241,0.241,0.241,0.241,0
132,132,1694139120000,0.241,0.241,0.241,0.241,0
133,133,1694139180000,0.241,0.241,0.241,0.241,0
134,134,1694139240000,0.241,0.241,0.241,0.241,0
135,135,1694139300000,0.241,0.241,0.241,0.241,0
136,136,1694139360000,0.241,0.241,0.241,0.241,0
137,137,1694139420000,0.241,0.241,0.241,0.241,0
138,138,1694139480000,0.241,0.241,0.241,0.241,0
139,139,1694139540000,0.241,0.241,0.241,0.241,0
140,140,1694139600000,0.241,0.241,0.241,0.241,0
141,141,1694139660000,0.241,0.241,0.241,0.241,0
142,142,1694139720000,0.241,0.241,0.241,0.241,0
143,143,1694139780000,0.241,0.241,0.241,0.241,0
144,144,1694139840000,0.241,0.241,0.241,0.241,0
145,145,1694139900000,0.241,0.241,0.241,0.241,0
146,146,1694139960000,0.241,0.241,0.241,0.241,0
147,147,1694140020000,0.241,0.241,0.241,0.241,0
148,148,1694140080000,0.241,0.241,0.241,0.241,0
149,149,1694140140000,0.241,0.241,0.241,0.241,0
150,150,1694140200000,0.241,0.241,0.241,0.241,0
151,151,1694140260000,0.241,0.241,0.241,0.241,0
152,152,1694140320000,0.241,0.241,0.241,0.241,0
153,153,1694140380000,0.241,0.241,0.241,0.241,0
154,154,1694140440000,0.241,0.241,0.241,0.241,0
155,155,1694140500000,0.241,0.241,0.241,0.241,0
156,156,1694140560000,0.241,0.241,0.241,0.241,0
157,157,1694140620000,0.241,0.241,0.241,0.241,0
158,158,1694140680000,0.241,0.241,0.241,0.241,0
159,159,1694140740000,0.241,0.241,0.241,0.241,0
160,160,1694140800000,0.241,0.241,0.241,0.241,0
161,161,1694140860000,0.241,0.241,0.241,0.241,0
162,162,1694140920000,0.241,0.241,0.241,0.241,0
163,163,1694140980000,0.241,0.241,0.241,0.241,0
164,164,1694141040000,0.241,0.241,0.241,0.241,0
165,165,1694141100000,0.241,0.241,0.241,0.241,0
166,166,1694141160000,0.241,0.241,0.241,0.241,0
167,167,1694141220000,0.241,0.241,0.241,0.241,0
168,168,1694141280000,0.241,0.241,0.241,0.241,0
169,169,1694141340000,0.241,0.241,0.241,0.241,0
170,170,1694141400000,0.241,0.241,0.241,0.241,0
171,171,1694141460000,0.241,0.241,0.241,0.241,0
172,172,1694141520000,0.241,0.241,0.241,0.241,0
173,173,1694141580000,0.241,0.241,0.241,0.241,0
174,174,1694141640000,0.241,0.241,0.241,0.241,0
175,175,1694141700000,0.241,0.241,0.241,0.241,0
176,176,1694141760000,0.241,0.241,0.241,0.241,0
177,177,1694141820000,0.241,0.241,0.241,0.241,0
178,178,1694141880000,0.241,0.241,0.241,0.241,0
179,179,1694141940000,0.241,0.241,0.241,0.241,0
180,180,1694142000000,0.241,0.241,0.241,0.241,0
181,181,1694142060000,0.241,0.241,0.241,0.241,0
182,182,1694142120000,0.241,0.241,0.241,0.241,0
183,183,1694142180000,0.241,0.241,0.241,0.241,0
184,184,1694142240000,0.241,0.241,0.241,0.241,0
185,185,1694142300000,0.241,0.241,0.241,0.241,0
186,186,1694142360000,0.241,0.241,0.241,0.241,0
187,187,1694142420000,0.241,0.241,0.241,0.241,0
188,188,1694142480000,0.241,0.241,0.241,0.241,0
189,189,1694142540000,0.241,0.241,0.241,0.241,0
190,190,1694142600000,0.241,0.241,0.241,0.241,0
191,191,1694142660000,0.241,0.241,0.241,0.241,0
192,192,1694142720000,0.241,0.241,0.241,0.241,0
193,193,1694142780000,0.241,0.241,0.241,0.241,0
194,194,1694142840000,0.241,0.241,0.241,0.241,0
195,195,1694142900000,0.241,0.241,0.241,0.241,0
196,196,1694142960000,0.241,0.241,0.241,0.241,0
197,197,1694143020000,0.241,0.241,0.241,0.241,0
198,198,1694143080000,0.241,0.241,0.241,0.241,0
199,199,1694143140000,0.241,0.241,0.241,0.241,0
200,200,1694143200000,0.241,0.241,0.241,0.241,0
201,201,1694143260000,0.241,0.241,0.241,0.241,0
202,202,1694143320000,0.241,0.241,0.241,0.241,0
203,203,1694143380000,0.241,0.241,0.241,0.241,0
204,204,1694143440000,0.241,0.241,0.241,0.241,0
205,205,1694143500000,0.241,0.241,0.241,0.241,0
206,206,1694143560000,0.241,0.241,0.241,0.241,0
207,207,1694143620000,0.241,0.241,0.241,0.241,0
208,208,1694143680000,0.241,0.241,0.241,0.241,0
209,209,1694143740000,0.241,0.241,0.241,0.241,0
210,210,1694143800000,0.241,0.241,0.241,0.241,0
211,211,1694143860000,0.241,0.241,0.241,0.241,0
212,212,1694143920000,0.241,0.241,0.241,0.241,0
213,213,1694143980000,0.241,0.241,0.241,0.241,0
214,214,1694144040000,0.241,0.241,0.241,0.241,0
215,215,1694144100000,0.241,0.241,0.241,0.241,0
216,216,1694144160000,0.241,0.241,0.241,0.241,0
217,217,1694144220000,0.241,0.241,0.241,0.241,0
218,218,1694144280000,0.241,0.241,0.241,0.241,0
219,219,1694144340000,0.241,0.241,0.241,0.241,0
220,220,1694144400000,0.241,0.241,0.241,0.241,0
221,221,1694144460000,0.241,0.241,0.241,0.241,0
222,222,1694144520000,0.241,0.241,0.241,0.241,0
223,223,1694144580000,0.241,0.241,0.241,0.241,0
224,224,1694144640000,0.241,0.241,0.241,0.241,0
225,225,1694144700000,0.241,0.241,0.241,0.241,0
226,226,1694144760000,0.241,0.241,0.241,0.241,0
227,227,1694144820000,0.241,0.241,0.241,0.241,0
228,228,1694144880000,0.241,0.241,0.241,0.241,0
229,229,1694144940000,0.241,0.241,0.241,0.241,0
230,230,1694145000000,0.241,0.241,0.241,0.241,0
231,231,1694145060000,0.241,0.241,0.241,0.241,0
232,232,1694145120000,0.241,0.241,0.241,0.241,0
233,233,1694145180000,0.241,0.241,0.241,0.241,0
234,234,1694145240000,0.241,0.241,0.241,0.241,0
235,235,1694145300000,0.241,0.241,0.241,0.241,0
236,236,1694145360000,0.241,0.241,0.241,0.241,0
237,237,1694145420000,0.241,0.241,0.241,0.241,0
238,238,1694145480000,0.241,0.241,0.241,0.241,0
239,239,1694145540000,0.241,0.241,0.241,0.241,0
240,240,1694145600000,0.241,0.241,0.241,0.241,0
241,241,1694145660000,0.241,0.241,0.241,0.241,0
242,242,1694145720000,0.241,0.241,0.241,0.241,0
243,243,1694145780000,0.241,0.241,0.241,0.241,0
244,244,1694145840000,0.241,0.241,0.241,0.241,0
245,245,1694145900000,0.241,0.241,0.241,0.241,0
246,246,1694145960000,0.241,0.241,0.241,0.241,0
247,247,1694146020000,0.241,0.241,0.241,0.241,0
248,248,1694146080000,0.241,0.241,0.241,0.241,0
249,249,1694146140000,0.241,0.241,0.241,0.241,0
250,250,1694146200000,0.241,0.241,0.241,0.241,0
251,251,1694146260000,0.241,0.241,0.241,0.241,0
252,252,1694146320000,0.241,0.241,0.241,0.241,0
253,253,1694146380000,0.241,0.241,0.241,0.241,0
254,254,1694146440000,0.241,0.241,0.241,0.241,0
255,255,1694146500000,0.241,0.241,0.241,0.241,0
256,256,1694146560000,0.241,0.241,0.241,0.241,0
257,257,1694146620000,0.241,0.241,0.241,0.241,0
258,258,1694146680000,0.241,0.241,0.241,0.241,0
259,259,1694146740000,0.241,0.241,0.241,0.241,0
260,260,1694146800000,0.241,0.241,0.241,0.241,0
261,261,1694146860000,0.241,0.241,0.241,0.241,0
262,262,1694146920000,0.241,0.241,0.241,0.241,0
263,263,1694146980000,0.241,0.241,0.241,0.241,0
264,264,1694147040000,0.241,0.241,0.241,0.241,0
265,265,1694147100000,0.241,0.241,0.241,0.241,0
266,266,1694147160000,0.241,0.241,0.241,0.241,0
267,267,1694147220000,0.241,0.241,0.241,0.241,0
268,268,1694147280000,0.241,0.241,0.241,0.241,0
269,269,1694147340000,0.241,0.241,0.241,0.241,0
270,270,1694147400000,0.241,0.241,0.241,0.241,0
271,271,1694147460000,0.241,0.241,0.241,0.241,0
272,272,1694147520000,0.241,0.241,0.241,0.241,0
273,273,1694147580000,0.241,0.241,0.241,0.241,0
274,274,1694147640000,0.241,0.241,0.241,0.241,0
275,275,1694147700000,0.241,0.241,0.241,0.241,0
276,276,1694147760000,0.241,0.241,0.241,0.241,0
277,277,1694147820000,0.241,0.241,0.241,0.241,0
278,278,1694147880000,0.241,0.241,0.241,0.241,0
279,279,1694147940000,0.241,0.241,0.241,0.241,0
280,280,1694148000000,0.241,0.241,0.241,0.241,0
281,281,1694148060000,0.241,0.241,0.241,0.241,0
282,282,1694148120000,0.241,0.241,0.241,0.241,0
283,283,1694148180000,0.241,0.241,0.241,0.241,0
284,284,1694148240000,0.241,0.241,0.241,0.241,0
285,285,1694148300000,0.241,0.241,0.241,0.241,0
286,286,1694148360000,0.241,0.241,0.241,0.241,0
287,287,1694148420000,0.241,0.241,0.241,0.241,0
288,288,1694148480000,0.241,0.241,0.241,0.241,0
289,289,1694148540000,0.241,0.241,0.241,0.241,0
290,290,1694148600000,0.241,0.241,0.241,0.241,0
291,291,1694148660000,0.241,0.241,0.241,0.241,0
292,292,1694148720000,0.241,0.241,0.241,0.241,0
293,293,1694148780000,0.241,0.241,0.241,0.241,0
294,294,1694148840000,0.241,0.241,0.241,0.241,0
295,295,1694148900000,0.241,0.241,0.241,0.241,0
296,296,1694148960000,0.241,0.241,0.241,0.241,0
297,297,1694149020000,0.241,0.241,0.241,0.241,0
298,298,1694149080000,0.241,0.241,0.241,0.241,0
299,299,1694149140000,0.241,0.241,0.241,0.241,0
300,300,1694149200000,0.241,0.241,0.241,0.241,0
301,301,1694149260000,0.241,0.241,0.241,0.241,0
302,302,1694149320000,0.241,0.241,0.241,0.241,0
303,303,1694149380000,0.241,0.241,0.241,0.241,0
304,304,1694149440000,0.241,0.241,0.241,0.241,0
305,305,1694149500000,0.241,0.241,0.241,0.241,0
306,306,1694149560000,0.241,0.241,0.241,0.241,0
307,307,1694149620000,0.241,0.241,0.241,0.241,0
308,308,1694149680000,0.241,0.241,0.241,0.241,0
309,309,1694149740000,0.241,0.241,0.241,0.241,0
310,310,1694149800000,0.241,0.241,0.241,0.241,0
311,311,1694149860000,0.241,0.241,0.241,0.241,0
312,312,1694149920000,0.241,0.241,0.241,0.241,0
313,313,1694149980000,0.241,0.241,0.241,0.241,0
314,314,1694150040000,0.241,0.241,0.241,0.241,0
315,315,1694150100000,0.241,0.241,0.241,0.241,0
316,316,1694150160000,0.241,0.241,0.241,0.241,0
317,317,1694150220000,0.241,0.241,0.241,0.241,0
318,318,1694150280000,0.241,0.241,0.241,0.241,0
319,319,1694150340000,0.241,0.241,0.241,0.241,0
320,320,1694150400000,0.241,0.241,0.241,0.241,0
321,321,1694150460000,0.241,0.241,0.241,0.241,0
322,322,1694150520000,0.241,0.241,0.241,0.241,0
323,323,1694150580000,0.241,0.241,0.241,0.241,0
324,324,1694150640000,0.241,0.241,0.241,0.241,0
325,325,1694150700000,0.241,0.241,0.241,0.241,0
326,326,1694150760000,0.241,0.241,0.241,0.241,0
327,327,1694150820000,0.241,0.241,0.241,0.241,0
328,328,1694150880000,0.241,0.241,0.241,0.241,0
329,329,1694150940000,0.241,0.241,0.241,0.241,0
330,330,1694151000000,0.241,0.241,0.241,0.241,0
331,331,1694151060000,0.241,0.241,0.241,0.241,0
332,332,1694151120000,0.241,0.241,0.241,0.241,0
333,333,1694151180000,0.241,0.241,0.241,0.241,0
334,334,1694151240000,0.241,0.241,0.241,0.241,0
335,335,1694151300000,0.241,0.241,0.241,0.241,0
336,336,1694151360000,0.241,0.241,0.241,0.241,0
337,337,1694151420000,0.241,0.241,0.241,0.241,0
338,338,1694151480000,0.241,0.241,0.241,0.241,0
339,339,1694151540000,0.241,0.241,0.241,0.241,0
340,340,1694151600000,0.241,0.241,0.241,0.241,0
341,341,1694151660000,0.241,0.241,0.241,0.241,0
342,342,1694151720000,0.241,0.241,0.241,0.241,0
343,343,1694151780000,0.241,0.241,0.241,0.241,0
344,344,1694151840000,0.241,0.241,0.241,0.241,0
345,345,1694151900000,0.241,0.241,0.241,0.241,0
346,346,1694151960000,0.241,0.241,0.241,0.241,0
347,347,1694152020000,0.241,0.241,0.241,0.241,0
348,348,1694152080000,0.241,0.241,0.241,0.241,0
349,349,1694152140000,0.241,0.241,0.241,0.241,0
350,350,1694152200000,0.241,0.241,0.241,0.241,0
351,351,1694152260000,0.241,0.241,0.241,0.241,0
352,352,1694152320000,0.241,0.241,0.241,0.241,0
353,353,1694152380000,0.241,0.241,0.241,0.241,0
354,354,1694152440000,0.241,0.241,0.241,0.241,0
355,355,1694152500000,0.241,0.241,0.241,0.241,0
356,356,1694152560000,0.241,0.241,0.241,0.241,0
357,357,1694152620000,0.241,0.241,0.241,0.241,0
358,358,1694152680000,0.241,0.241,0.241,0.241,0
359,359,1694152740000,0.241,0.241,0.241,0.241,0
360,360,1694152800000,0.241,0.241,0.241,0.241,0
361,361,1694152860000,0.241,0.241,0.241,0.241,0
362,362,1694152920000,0.241,0.241,0.241,0.241,0
363,363,1694152980000,0.241,0.241,0.241,0.241,0
364,364,1694153040000,0.241,0.241,0.241,0.241,0
365,365,1694153100000,0.241,0.241,0.241,0.241,0
366,366,1694153160000,0.241,0.241,0.241,0.241,0
367,367,1694153220000,0.241,0.241,0.241,0.241,0
368,368,1694153280000,0.241,0.241,0.241,0.241,0
369,369,1694153340000,0.241,0.241,0.241,0.241,0
370,370,1694153400000,0.241,0.241,0.241,0.241,0
371,371,1694153460000,0.241,0.241,0.241,0.241,0
372,372,1694153520000,0.241,0.241,0.241,0.241,0
373,373,1694153580000,0.241,0.241,0.241,0.241,0
374,374,1694153640000,0.241,0.241,0.241,0.241,0
375,375,1694153700000,0.241,0.241,0.241,0.241,0
376,376,1694153760000,0.241,0.241,0.241,0.241,0
377,377,1694153820000,0.241,0.241,0.241,0.241,0
378,378,1694153880000,0.241,0.241,0.241,0.241,0
379,379,1694153940000,0.241,0.241,0.241,0.241,0
380,380,1694154000000,0.241,0.241,0.241,0.241,0
381,381,1694154060000,0.241,0.241,0.241,0.241,0
382,382,1694154120000,0.241,0.241,0.241,0.241,0
383,383,1694154180000,0.241,0.241,0.241,0.241,0
384,384,1694154240000,0.241,0.241,0.241,0.241,0
385,385,1694154300000,0.241,0.241,0.241,0.241,0
386,386,1694154360000,0.241,0.241,0.241,0.241,0
387,387,1694154420000,0.241,0.241,0.241,0.241,0
388,388,1694154480000,0.241,0.241,0.241,0.241,0
389,389,1694154540000,0.241,0.241,0.241,0.241,0
390,390,1694154600000,0.241,0.241,0.241,0.241,0
391,391,1694154660000,0.241,0.241,0.241,0.241,0
392,392,1694154720000,0.241,0.241,0.241,0.241,0
393,393,1694154780000,0.241,0.241,0.241,0.241,0
394,394,1694154840000,0.241,0.241,0.241,0.241,0
395,395,1694154900000,0.241,0.241,0.241,0.241,0
396,396,1694154960000,0.241,0.241,0.241,0.241,0
397,397,1694155020000,0.241,0.241,0.241,0.241,0
398,398,1694155080000,0.241,0.241,0.241,0.241,0
399,399,1694155140000,0.241,0.241,0.241,0.241,0
400,400,1694155200000,0.241,0.241,0.241,0.241,0
401,401,1694155260000,0.241,0.241,0.241,0.241,0
402,402,1694155320000,0.241,0.241,0.241,0.241,0
403,403,1694155380000,0.241,0.241,0.241,0.241,0
404,404,1694155440000,0.241,0.241,0.241,0.241,0
405,405,1694155500000,0.241,0.241,0.241,0.241,0
406,406,1694155560000,0.241,0.241,0.241,0.241,0
407,407,1694155620000,0.241,0.241,0.241,0.241,0
408,408,1694155680000,0.241,0.241,0.241,0.241,0
409,409,1694155740000,0.241,0.241,0.241,0.241,0
410,410,1694155800000,0.241,0.241,0.241,0.241,0
411,411,1694155860000,0.241,0.241,0.241,0.241,0
412,412,1694155920000,0.241,0.241,0.241,0.241,0
413,413,1694155980000,0.241,0.241,0.241,0.241,0
414,414,1694156040000,0.241,0.241,0.241,0.241,0
415,415,1694156100000,0.241,0.241,0.241,0.241,0
416,416,1694156160000,0.241,0.241,0.241,0.241,0
417,417,1694156220000,0.241,0.241,0.241,0.241,0
418,418,1694156280000,0.241,0.241,0.241,0.241,0
419,419,1694156340000,0.241,0.241,0.241,0.241,0
420,420,1694156400000,0.241,0.241,0.241,0.241,0
421,421,1694156460000,0.241,0.241,0.241,0.241,0
422,422,1694156520000,0.241,0.241,0.241,0.241,0
423,423,1694156580000,0.241,0.241,0.241,0.241,0
424,424,1694156640000,0.241,0.241,0.241,0.241,0
425,425,1694156700000,0.241,0.241,0.241,0.241,0
426,426,1694156760000,0.241,0.241,0.241,0.241,0
427,427,1694156820000,0.241,0.241,0.241,0.241,0
428,428,1694156880000,0.241,0.241,0.241,0.241,0
429,429,1694156940000,0.241,0.241,0.241,0.241,0
430,430,1694157000000,0.241,0.241,0.241,0.241,0
431,431,1694157060000,0.241,0.241,0.241,0.241,0
432,432,1694157120000,0.241,0.241,0.241,0.241,0
433,433,1694157180000,0.241,0.241,0.241,0.241,0
434,434,1694157240000,0.241,0.241,0.241,0.241,0
435,435,1694157300000,0.241,0.241,0.241,0.241,0
436,436,1694157360000,0.241,0.241,0.241,0.241,0
437,437,1694157420000,0.241,0.241,0.241,0.241,0
438,438,1694157480000,0.241,0.241,0.241,0.241,0
439,439,1694157540000,0.241,0.241,0.241,0.241,0
440,440,1694157600000,0.241,0.241,0.241,0.241,0
441,441,1694157660000,0.241,0.241,0.241,0.241,0
442,442,1694157720000,0.241,0.241,0.241,0.241,0
443,443,1694157780000,0.241,0.241,0.241,0.241,0
444,444,1694157840000,0.241,0.241,0.241,0.241,0
445,445,1694157900000,0.241,0.241,0.241,0.241,0
446,446,1694157960000,0.241,0.241,0.241,0.241,0
447,447,1694158020000,0.241,0.241,0.241,0.241,0
448,448,1694158080000,0.241,0.241,0.241,0.241,0
449,449,1694158140000,0.241,0.241,0.241,0.241,0
450,450,1694158200000,0.241,0.241,0.241,0.241,0
451,451,1694158260000,0.241,0.241,0.241,0.241,0
452,452,1694158320000,0.241,0.241,0.241,0.241,0
453,453,1694158380000,0.241,0.241,0.241,0.241,0
454,454,1694158440000,0.241,0.241,0.241,0.241,0
455,455,1694158500000,0.241,0.241,0.241,0.241,0
456,456,1694158560000,0.241,0.241,0.241,0.241,0
457,457,1694158620000,0.241,0.241,0.241,0.241,0
458,458,1694158680000,0.241,0.241,0.241,0.241,0
459,459,1694158740000,0.241,0.241,0.241,0.241,0
460,460,1694158800000,0.241,0.241,0.241,0.241,0
461,461,1694158860000,0.241,0.241,0.241,0.241,0
462,462,1694158920000,0.241,0.241,0.241,0.241,0
463,463,1694158980000,0.241,0.241,0.241,0.241,0
464,464,1694159040000,0.241,0.241,0.241,0.241,0
465,465,1694159100000,0.241,0.241,0.241,0.241,0
466,466,1694159160000,0.241,0.241,0.241,0.241,0
467,467,1694159220000,0.241,0.241,0.241,0.241,0
468,468,1694159280000,0.241,0.241,0.241,0.241,0
469,469,1694159340000,0.241,0.241,0.241,0.241,0
470,470,1694159400000,0.241,0.241,0.241,0.241,0
471,471,1694159460000,0.241,0.241,0.241,0.241,0
472,472,1694159520000,0.241,0.241,0.241,0.241,0
473,473,1694159580000,0.241,0.241,0.241,0.241,0
474,474,1694159640000,0.241,0.241,0.241,0.241,0
475,475,1694159700000,0.241,0.241,0.241,0.241,0
476,476,1694159760000,0.241,0.241,0.241,0.241,0
477,477,1694159820000,0.241,0.241,0.241,0.241,0
478,478,1694159880000,0.241,0.241,0.241,0.241,0
479,479,1694159940000,0.241,0.241,0.241,0.241,0
480,480,1694160000000,0.241,0.241,0.241,0.241,0
481,481,1694160060000,0.241,0.241,0.241,0.241,0
482,482,1694160120000,0.241,0.241,0.241,0.241,0
483,483,1694160180000,0.241,0.241,0.241,0.241,0
484,484,1694160240000,0.241,0.241,0.241,0.241,0
485,485,1694160300000,0.241,0.241,0.241,0.241,0
486,486,1694160360000,0.241,0.241,0.241,0.241,0
487,487,1694160420000,0.241,0.241,0.241,0.241,0
488,488,1694160480000,0.241,0.241,0.241,0.241,0
489,489,1694160540000,0.241,0.241,0.241,0.241,0
490,490,1694160600000,0.241,0.241,0.241,0.241,0
491,491,1694160660000,0.241,0.241,0.241,0.241,0
492,492,1694160720000,0.241,0.241,0.241,0.241,0
493,493,1694160780000,0.241,0.241,0.241,0.241,0
494,494,1694160840000,0.241,0.241,0.241,0.241,0
495,495,1694160900000,0.241,0.241,0.241,0.241,0
496,496,1694160960000,0.241,0.241,0.241,0.241,0
497,497,1694161020000,0.241,0.241,0.241,0.241,0
498,498,1694161080000,0.241,0.241,0.241,0.241,0
499,499,1694161140000,0.241,0.241,0.241,0.241,0
500,500,1694161200000,0.241,0.241,0.241,0.241,0
501,501,1694161260000,0.241,0.241,0.241,0.241,0
502,502,1694161320000,0.241,0.241,0.241,0.241,0
503,503,1694161380000,0.241,0.241,0.241,0.241,0
504,504,1694161440000,0.241,0.241,0.241,0.241,0
505,505,1694161500000,0.241,0.241,0.241,0.241,0
506,506,1694161560000,0.241,0.241,0.241,0.241,0
507,507,1694161620000,0.241,0.241,0.241,0.241,0
508,508,1694161680000,0.241,0.241,0.241,0.241,0
509,509,1694161740000,0.241,0.241,0.241,0.241,0
510,510,1694161800000,0.241,0.241,0.241,0.241,0
511,511,1694161860000,0.241,0.241,0.241,0.241,0
512,512,1694161920000,0.241,0.241,0.241,0.241,0
513,513,1694161980000,0.241,0.241,0.241,0.241,0
514,514,1694162040000,0.241,0.241,0.241,0.241,0
515,515,1694162100000,0.241,0.241,0.241,0.241,0
516,516,1694162160000,0.241,0.241,0.241,0.241,0
517,517,1694162220000,0.241,0.241,0.241,0.241,0
518,518,1694162280000,0.241,0.241,0.241,0.241,0
519,519,1694162340000,0.241,0.241,0.241,0.241,0
520,520,1694162400000,0.241,0.241,0.241,0.241,0
521,521,1694162460000,0.241,0.241,0.241,0.241,0
522,522,1694162520000,0.241,0.241,0.241,0.241,0
523,523,1694162580000,0.241,0.241,0.241,0.241,0
524,524,1694162640000,0.241,0.241,0.241,0.241,0
525,525,1694162700000,0.241,0.241,0.241,0.241,0
526,526,1694162760000,0.241,0.241,0.241,0.241,0
527,527,1694162820000,0.241,0.241,0.241,0.241,0
528,528,1694162880000,0.241,0.241,0.241,0.241,0
529,529,1694162940000,0.241,0.241,0.241,0.241,0
530,530,1694163000000,0.241,0.241,0.241,0.241,0
531,531,1694163060000,0.241,0.241,0.241,0.241,0
532,532,1694163120000,0.241,0.241,0.241,0.241,0
533,533,1694163180000,0.241,0.241,0.241,0.241,0
534,534,1694163240000,0.241,0.241,0.241,0.241,0
535,535,1694163300000,0.241,0.241,0.241,0.241,0
536,536,1694163360000,0.241,0.241,0.241,0.241,0
537,537,1694163420000,0.241,0.241,0.241,0.241,0
538,538,1694163480000,0.241,0.241,0.241,0.241,0
539,539,1694163540000,0.241,0.241,0.241,0.241,0
540,540,1694163600000,0.241,0.241,0.241,0.241,0
541,541,1694163660000,0.241,0.241,0.241,0.241,0
542,542,1694163720000,0.241,0.241,0.241,0.241,0
543,543,1694163780000,0.241,0.241,0.241,0.241,0
544,544,1694163840000,0.241,0.241,0.241,0.241,0
545,545,1694163900000,0.241,0.241,0.241,0.241,0
546,546,1694163960000,0.241,0.241,0.241,0.241,0
547,547,1694164020000,0.241,0.241,0.241,0.241,0
548,548,1694164080000,0.241,0.241,0.241,0.241,0
549,549,1694164140000,0.241,0.241,0.241,0.241,0
550,550,1694164200000,0.241,0.241,0.241,0.241,0
551,551,1694164260000,0.241,0.241,0.241,0.241,0
552,552,1694164320000,0.241,0.241,0.241,0.241,0
553,553,1694164380000,0.241,0.241,0.241,0.241,0
554,554,1694164440000,0.241,0.241,0.241,0.241,0
555,555,1694164500000,0.241,0.241,0.241,0.241,0
556,556,1694164560000,0.241,0.241,0.241,0.241,0
557,557,1694164620000,0.241,0.241,0.241,0.241,0
558,558,1694164680000,0.241,0.241,0.241,0.241,0
559,559,1694164740000,0.241,0.241,0.241,0.241,0
560,560,1694164800000,0.241,0.241,0.241,0.241,0
561,561,1694164860000,0.241,0.241,0.241,0.241,0
562,562,1694164920000,0.241,0.241,0.241,0.241,0
563,563,1694164980000,0.241,0.241,0.241,0.241,0
564,564,1694165040000,0.241,0.241,0.241,0.241,0
565,565,1694165100000,0.241,0.241,0.241,0.241,0
566,566,1694165160000,0.241,0.241,0.241,0.241,0
567,567,1694165220000,0.241,0.241,0.241,0.241,0
568,568,1694165280000,0.241,0.241,0.241,0.241,0
569,569,1694165340000,0.241,0.241,0.241,0.241,0
570,570,1694165400000,0.241,0.241,0.241,0.241,0
571,571,1694165460000,0.241,0.241,0.241,0.241,0
572,572,1694165520000,0.241,0.241,0.241,0.241,0
573,573,1694165580000,0.241,0.241,0.241,0.241,0
574,574,1694165640000,0.241,0.241,0.241,0.241,0
575,575,1694165700000,0.241,0.241,0.241,0.241,0
576,576,1694165760000,0.241,0.241,0.241,0.241,0
577,577,1694165820000,0.241,0.241,0.241,0.241,0
578,578,1694165880000,0.241,0.241,0.241,0.241,0
579,579,1694165940000,0.241,0.241,0.241,0.241,0
580,580,1694166000000,0.241,0.241,0.241,0.241,0
581,581,1694166060000,0.241,0.241,0.241,0.241,0
582,582,1694166120000,0.241,0.241,0.241,0.241,0
583,583,1694166180000,0.241,0.241,0.241,0.241,0
584,584,1694166240000,0.241,0.241,0.241,0.241,0
585,585,1694166300000,0.241,0.241,0.241,0.241,0
586,586,1694166360000,0.241,0.241,0.241,0.241,0
587,587,1694166420000,0.241,0.241,0.241,0.241,0
588,588,1694166480000,0.241,0.241,0.241,0.241,0
589,589,1694166540000,0.241,0.241,0.241,0.241,0
590,590,1694166600000,0.241,0.241,0.241,0.241,0
591,591,1694166660000,0.241,0.241,0.241,0.241,0
592,592,1694166720000,0.241,0.241,0.241,0.241,0
593,593,1694166780000,0.241,0.241,0.241,0.241,0
594,594,1694166840000,0.241,0.241,0.241,0.241,0
595,595,1694166900000,0.241,0.241,0.241,0.241,0
596,596,1694166960000,0.241,0.241,0.241,0.241,0
597,597,1694167020000,0.241,0.241,0.241,0.241,0
598,598,1694167080000,0.241,0.241,0.241,0.241,0
599,599,1694167140000,0.241,0.241,0.241,0.241,0
600,600,1694167200000,0.241,0.241,0.241,0.241,0
601,601,1694167260000,0.241,0.241,0.241,0.241,0
602,602,1694167320000,0.241,0.241,0.241,0.241,0
603,603,1694167380000,0.241,0.241,0.241,0.241,0
604,604,1694167440000,0.241,0.241,0.241,0.241,0
605,605,1694167500000,0.241,0.241,0.241,0.241,0
606,606,1694167560000,0.241,0.241,0.241,0.241,0
607,607,1694167620000,0.241,0.241,0.241,0.241,0
608,608,1694167680000,0.241,0.241,0.241,0.241,0
609,609,1694167740000,0.241,0.241,0.241,0.241,0
610,610,1694167800000,0.241,0.241,0.241,0.241,0
611,611,1694167860000,0.241,0.241,0.241,0.241,0
612,612,1694167920000,0.241,0.241,0.241,0.241,0
613,613,1694167980000,0.241,0.241,0.241,0.241,0
614,614,1694168040000,0.241,0.241,0.241,0.241,0
615,615,1694168100000,0.241,0.241,0.241,0.241,0
616,616,1694168160000,0.241,0.241,0.241,0.241,0
617,617,1694168220000,0.241,0.241,0.241,0.241,0
618,618,1694168280000,0.241,0.241,0.241,0.241,0
619,619,1694168340000,0.241,0.241,0.241,0.241,0
620,620,1694168400000,0.241,0.241,0.241,0.241,0
621,621,1694168460000,0.241,0.241,0.241,0.241,0
622,622,1694168520000,0.241,0.241,0.241,0.241,0
623,623,1694168580000,0.241,0.241,0.241,0.241,0
624,624,1694168640000,0.241,0.241,0.241,0.241,0
625,625,1694168700000,0.241,0.241,0.241,0.241,0
626,626,1694168760000,0.241,0.241,0.241,0.241,0
627,627,1694168820000,0.241,0.241,0.241,0.241,0
628,628,1694168880000,0.241,0.241,0.241,0.241,0
629,629,1694168940000,0.241,0.241,0.241,0.241,0
630,630,1694169000000,0.241,0.241,0.241,0.241,0
631,631,1694169060000,0.241,0.241,0.241,0.241,0
632,632,1694169120000,0.241,0.241,0.241,0.241,0
633,633,1694169180000,0.241,0.241,0.241,0.241,0
634,634,1694169240000,0.241,0.241,0.241,0.241,0
635,635,1694169300000,0.241,0.241,0.241,0.241,0
636,636,1694169360000,0.241,0.241,0.241,0.241,0
637,637,1694169420000,0.241,0.241,0.241,0.241,0
638,638,1694169480000,0.241,0.241,0.241,0.241,0
639,639,1694169540000,0.241,0.241,0.241,0.241,0
640,640,1694169600000,0.241,0.241,0.241,0.241,0
641,641,1694169660000,0.241,0.241,0.241,0.241,0
642,642,1694169720000,0.241,0.241,0.241,0.241,0
643,643,1694169780000,0.241,0.241,0.241,0.241,0
644,644,1694169840000,0.241,0.241,0.241,0.241,0
645,645,1694169900000,0.241,0.241,0.241,0.241,0
646,646,1694169960000,0.241,0.241,0.241,0.241,0
647,647,1694170020000,0.241,0.241,0.241,0.241,0
648,648,1694170080000,0.241,0.241,0.241,0.241,0
649,649,1694170140000,0.241,0.241,0.241,0.241,0
650,650,1694170200000,0.241,0.241,0.241,0.241,0
651,651,1694170260000,0.241,0.241,0.241,0.241,0
652,652,1694170320000,0.241,0.241,0.241,0.241,0
653,653,1694170380000,0.241,0.241,0.241,0.241,0
654,654,1694170440000,0.241,0.241,0.241,0.241,0
655,655,1694170500000,0.241,0.241,0.241,0.241,0
656,656,1694170560000,0.241,0.241,0.241,0.241,0
657,657,1694170620000,0.241,0.241,0.241,0.241,0
658,658,1694170680000,0.241,0.241,0.241,0.241,0
659,659,1694170740000,0.241,0.241,0.241,0.241,0
660,660,1694170800000,0.241,0.241,0.241,0.241,0
661,661,1694170860000,0.241,0.241,0.241,0.241,0
662,662,1694170920000,0.241,0.241,0.241,0.241,0
663,663,1694170980000,0.241,0.241,0.241,0.241,0
664,664,1694171040000,0.241,0.241,0.241,0.241,0
665,665,1694171100000,0.241,0.241,0.241,0.241,0
666,666,1694171160000,0.241,0.241,0.241,0.241,0
667,667,1694171220000,0.241,0.241,0.241,0.241,0
668,668,1694171280000,0.241,0.241,0.241,0.241,0
669,669,1694171340000,0.241,0.241,0.241,0.241,0
670,670,1694171400000,0.241,0.241,0.241,0.241,0
671,671,1694171460000,0.241,0.241,0.241,0.241,0
672,672,1694171520000,0.241,0.241,0.241,0.241,0
673,673,1694171580000,0.241,0.241,0.241,0.241,0
674,674,1694171640000,0.241,0.241,0.241,0.241,0
675,675,1694171700000,0.241,0.241,0.241,0.241,0
676,676,1694171760000,0.241,0.241,0.241,0.241,0
677,677,1694171820000,0.241,0.241,0.241,0.241,0
678,678,1694171880000,0.241,0.241,0.241,0.241,0
679,679,1694171940000,0.241,0.241,0.241,0.241,0
680,680,1694172000000,0.241,0.241,0.241,0.241,0
681,681,1694172060000,0.241,0.241,0.241,0.241,0
682,682,1694172120000,0.241,0.241,0.241,0.241,0
683,683,1694172180000,0.241,0.241,0.241,0.241,0
684,684,1694172240000,0.241,0.241,0.241,0.241,0
685,685,1694172300000,0.241,0.241,0.241,0.241,0
686,686,1694172360000,0.241,0.241,0.241,0.241,0
687,687,1694172420000,0.241,0.241,0.241,0.241,0
688,688,1694172480000,0.241,0.241,0.241,0.241,0
689,689,1694172540000,0.241,0.241,0.241,0.241,0
690,690,1694172600000,0.241,0.241,0.241,0.241,0
691,691,1694172660000,0.241,0.241,0.241,0.241,0
692,692,1694172720000,0.241,0.241,0.241,0.241,0
693,693,1694172780000,0.241,0.241,0.241,0.241,0
694,694,1694172840000,0.241,0.241,0.241,0.241,0
695,695,1694172900000,0.241,0.241,0.241,0.241,0
696,696,1694172960000,0.241,0.241,0.241,0.241,0
697,697,1694173020000,0.241,0.241,0.241,0.241,0
698,698,1694173080000,0.241,0.241,0.241,0.241,0
699,699,1694173140000,0.241,0.241,0.241,0.241,0
700,700,1694173200000,0.241,0.241,0.241,0.241,0
701,701,1694173260000,0.241,0.241,0.241,0.241,0
702,702,1694173320000,0.241,0.241,0.241,0.241,0
703,703,1694173380000,0.241,0.241,0.241,0.241,0
704,704,1694173440000,0.241,0.241,0.241,0.241,0
705,705,1694173500000,0.241,0.241,0.241,0.241,0
706,706,1694173560000,0.241,0.241,0.241,0.241,0
707,707,1694173620000,0.241,0.241,0.241,0.241,0
708,708,1694173680000,0.241,0.241,0.241,0.241,0
709,709,1694173740000,0.241,0.241,0.241,0.241,0
710,710,1694173800000,0.241,0.241,0.241,0.241,0
711,711,1694173860000,0.241,0.241,0.241,0.241,0
712,712,1694173920000,0.241,0.241,0.241,0.241,0
713,713,1694173980000,0.241,0.241,0.241,0.241,0
714,714,1694174040000,0.241,0.241,0.241,0.241,0
715,715,1694174100000,0.241,0.241,0.241,0.241,0
716,716,1694174160000,0.241,0.241,0.241,0.241,0
717,717,1694174220000,0.241,0.241,0.241,0.241,0
718,718,1694174280000,0.241,0.241,0.241,0.241,0
719,719,1694174340000,0.241,0.241,0.241,0.241,0
720,720,1694174400000,0.241,0.241,0.241,0.241,0
721,721,1694174460000,0.241,0.241,0.241,0.241,0
722,722,1694174520000,0.241,0.241,0.241,0.241,0
723,723,1694174580000,0.241,0.241,0.241,0.241,0
724,724,1694174640000,0.241,0.241,0.241,0.241,0
725,725,1694174700000,0.241,0.241,0.241,0.241,0
726,726,1694174760000,0.241,0.241,0.241,0.241,0
727,727,1694174820000,0.241,0.241,0.241,0.241,0
728,728,1694174880000,0.241,0.241,0.241,0.241,0
729,729,1694174940000,0.241,0.241,0.241,0.241,0
730,730,1694175000000,0.241,0.241,0.241,0.241,0
731,731,1694175060000,0.241,0.241,0.241,0.241,0
732,732,1694175120000,0.241,0.241,0.241,0.241,0
733,733,1694175180000,0.241,0.241,0.241,0.241,0
734,734,1694175240000,0.241,0.241,0.241,0.241,0
735,735,1694175300000,0.241,0.241,0.241,0.241,0
736,736,1694175360000,0.241,0.241,0.241,0.241,0
737,737,1694175420000,0.241,0.241,0.241,0.241,0
738,738,1694175480000,0.241,0.241,0.241,0.241,0
739,739,1694175540000,0.241,0.241,0.241,0.241,0
740,740,1694175600000,0.241,0.241,0.241,0.241,0
741,741,1694175660000,0.241,0.241,0.241,0.241,0
742,742,1694175720000,0.241,0.241,0.241,0.241,0
743,743,1694175780000,0.241,0.241,0.241,0.241,0
744,744,1694175840000,0.241,0.241,0.241,0.241,0
745,745,1694175900000,0.241,0.241,0.241,0.241,0
746,746,1694175960000,0.241,0.241,0.241,0.241,0
747,747,1694176020000,0.241,0.241,0.241,0.241,0
748,748,1694176080000,0.241,0.241,0.241,0.241,0
749,749,1694176140000,0.241,0.241,0.241,0.241,0
750,750,1694176200000,0.241,0.241,0.241,0.241,0
751,751,1694176260000,0.241,0.241,0.241,0.241,0
752,752,1694176320000,0.241,0.241,0.241,0.241,0
753,753,1694176380000,0.241,0.241,0.241,0.241,0
754,754,1694176440000,0.241,0.241,0.241,0.241,0
755,755,1694176500000,0.241,0.241,0.241,0.241,0
756,756,1694176560000,0.241,0.241,0.241,0.241,0
757,757,1694176620000,0.241,0.241,0.241,0.241,0
758,758,1694176680000,0.241,0.241,0.241,0.241,0
759,759,1694176740000,0.241,0.241,0.241,0.241,0
760,760,1694176800000,0.241,0.241,0.241,0.241,0
761,761,1694176860000,0.241,0.241,0.241,0.241,0
762,762,1694176920000,0.241,0.241,0.241,0.241,0
763,763,1694176980000,0.241,0.241,0.241,0.241,0
764,764,1694177040000,0.241,0.241,0.241,0.241,0
765,765,1694177100000,0.241,0.241,0.241,0.241,0
766,766,1694177160000,0.241,0.241,0.241,0.241,0
767,767,1694177220000,0.241,0.241,0.241,0.241,0
768,768,1694177280000,0.241,0.241,0.241,0.241,0
769,769,1694177340000,0.241,0.241,0.241,0.241,0
770,770,1694177400000,0.241,0.241,0.241,0.241,0
771,771,1694177460000,0.241,0.241,0.241,0.241,0
772,772,1694177520000,0.241,0.241,0.241,0.241,0
773,773,1694177580000,0.241,0.241,0.241,0.241,0
774,774,1694177640000,0.241,0.241,0.241,0.241,0
775,775,1694177700000,0.241,0.241,0.241,0.241,0
776,776,1694177760000,0.241,0.241,0.241,0.241,0
777,777,1694177820000,0.241,0.241,0.241,0.241,0
778,778,1694177880000,0.241,0.241,0.241,0.241,0
779,779,1694177940000,0.241,0.241,0.241,0.241,0
780,780,1694178000000,0.241,0.241,0.241,0.241,0
781,781,1694178060000,0.241,0.241,0.241,0.241,0
782,782,1694178120000,0.241,0.241,0.241,0.241,0
783,783,1694178180000,0.241,0.241,0.241,0.241,0
784,784,1694178240000,0.241,0.241,0.241,0.241,0
785,785,1694178300000,0.241,0.241,0.241,0.241,0
786,786,1694178360000,0.241,0.241,0.241,0.241,0
787,787,1694178420000,0.241,0.241,0.241,0.241,0
788,788,1694178480000,0.241,0.241,0.241,0.241,0
789,789,1694178540000,0.241,0.241,0.241,0.241,0
790,790,1694178600000,0.241,0.241,0.241,0.241,0
791,791,1694178660000,0.241,0.241,0.241,0.241,0
792,792,1694178720000,0.241,0.241,0.241,0.241,0
793,793,1694178780000,0.241,0.241,0.241,0.241,0
794,794,1694178840000,0.241,0.241,0.241,0.241,0
795,795,1694178900000,0.241,0.241,0.241,0.241,0
796,796,1694178960000,0.241,0.241,0.241,0.241,0
797,797,1694179020000,0.241,0.241,0.241,0.241,0
798,798,1694179080000,0.241,0.241,0.241,0.241,0
799,799,1694179140000,0.241,0.241,0.241,0.241,0
800,800,1694179200000,0.241,0.241,0.241,0.241,0
801,801,1694179260000,0.241,0.241,0.241,0.241,0
802,802,1694179320000,0.241,0.241,0.241,0.241,0
803,803,1694179380000,0.241,0.241,0.241,0.241,0
804,804,1694179440000,0.241,0.241,0.241,0.241,0
805,805,1694179500000,0.241,0.241,0.241,0.241,0
806,806,1694179560000,0.241,0.241,0.241,0.241,0
807,807,1694179620000,0.241,0.241,0.241,0.241,0
808,808,1694179680000,0.241,0.241,0.241,0.241,0
809,809,1694179740000,0.241,0.241,0.241,0.241,0
810,810,1694179800000,0.241,0.241,0.241,0.241,0
811,811,1694179860000,0.241,0.241,0.241,0.241,0
812,812,1694179920000,0.241,0.241,0.241,0.241,0
813,813,1694179980000,0.241,0.241,0.241,0.241,0
814,814,1694180040000,0.241,0.241,0.241,0.241,0
815,815,1694180100000,0.241,0.241,0.241,0.241,0
816,816,1694180160000,0.241,0.241,0.241,0.241,0
817,817,1694180220000,0.241,0.241,0.241,0.241,0
818,818,1694180280000,0.241,0.241,0.241,0.241,0
819,819,1694180340000,0.241,0.241,0.241,0.241,0
820,820,1694180400000,0.241,0.241,0.241,0.241,0
821,821,1694180460000,0.241,0.241,0.241,0.241,0
822,822,1694180520000,0.241,0.241,0.241,0.241,0
823,823,1694180580000,0.241,0.241,0.241,0.241,0
824,824,1694180640000,0.241,0.241,0.241,0.241,0
825,825,1694180700000,0.241,0.241,0.241,0.241,0
826,826,1694180760000,0.241,0.241,0.241,0.241,0
827,827,1694180820000,0.241,0.241,0.241,0.241,0
828,828,1694180880000,0.241,0.241,0.241,0.241,0
829,829,1694180940000,0.241,0.241,0.241,0.241,0
830,830,1694181000000,0.241,0.241,0.241,0.241,0
831,831,1694181060000,0.241,0.241,0.241,0.241,0
832,832,1694181120000,0.241,0.241,0.241,0.241,0
833,833,1694181180000,0.241,0.241,0.241,0.241,0
834,834,1694181240000,0.241,0.241,0.241,0.241,0
835,835,1694181300000,0.241,0.241,0.241,0.241,0
836,836,1694181360000,0.241,0.241,0.241,0.241,0
837,837,1694181420000,0.241,0.241,0.241,0.241,0
838,838,1694181480000,0.241,0.241,0.241,0.241,0
839,839,1694181540000,0.241,0.241,0.241,0.241,0
840,840,1694181600000,0.241,0.241,0.241,0.241,0
841,841,1694181660000,0.241,0.241,0.241,0.241,0
842,842,1694181720000,0.241,0.241,0.241,0.241,0
843,843,1694181780000,0.241,0.241,0.241,0.241,0
844,844,1694181840000,0.241,0.241,0.241,0.241,0
845,845,1694181900000,0.241,0.241,0.241,0.241,0
846,846,1694181960000,0.241,0.241,0.241,0.241,0
847,847,1694182020000,0.241,0.241,0.241,0.241,0
848,848,1694182080000,0.241,0.241,0.241,0.241,0
849,849,1694182140000,0.241,0.241,0.241,0.241,0
850,850,1694182200000,0.241,0.241,0.241,0.241,0
851,851,1694182260000,0.241,0.241,0.241,0.241,0
852,852,1694182320000,0.241,0.241,0.241,0.241,0
853,853,1694182380000,0.241,0.241,0.241,0.241,0
854,854,1694182440000,0.241,0.241,0.241,0.241,0
855,855,1694182500000,0.241,0.241,0.241,0.241,0
856,856,1694182560000,0.241,0.241,0.241,0.241,0
857,857,1694182620000,0.241,0.241,0.241,0.241,0
858,858,1694182680000,0.241,0.241,0.241,0.241,0
859,859,1694182740000,0.241,0.241,0.241,0.241,0
860,860,1694182800000,0.241,0.241,0.241,0.241,0
861,861,1694182860000,0.241,0.241,0.241,0.241,0
862,862,1694182920000,0.241,0.241,0.241,0.241,0
863,863,1694182980000,0.241,0.241,0.241,0.241,0
864,864,1694183040000,0.241,0.241,0.241,0.241,0
865,865,1694183100000,0.241,0.241,0.241,0.241,0
866,866,1694183160000,0.241,0.241,0.241,0.241,0
867,867,1694183220000,0.241,0.241,0.241,0.241,0
868,868,1694183280000,0.241,0.241,0.241,0.241,0
869,869,1694183340000,0.241,0.241,0.241,0.241,0
870,870,1694183400000,0.241,0.241,0.241,0.241,0
871,871,1694183460000,0.241,0.241,0.241,0.241,0
872,872,1694183520000,0.241,0.241,0.241,0.241,0
873,873,1694183580000,0.241,0.241,0.241,0.241,0
874,874,1694183640000,0.241,0.241,0.241,0.241,0
875,875,1694183700000,0.241,0.241,0.241,0.241,0
876,876,1694183760000,0.241,0.241,0.241,0.241,0
877,877,1694183820000,0.241,0.241,0.241,0.241,0
878,878,1694183880000,0.241,0.241,0.241,0.241,0
879,879,1694183940000,0.241,0.241,0.241,0.241,0
880,880,1694184000000,0.241,0.241,0.241,0.241,0
881,881,1694184060000,0.241,0.241,0.241,0.241,0
882,882,1694184120000,0.241,0.241,0.241,0.241,0
883,883,1694184180000,0.241,0.241,0.241,0.241,0
884,884,1694184240000,0.241,0.241,0.241,0.241,0
885,885,1694184300000,0.241,0.241,0.241,0.241,0
886,886,1694184360000,0.241,0.241,0.241,0.241,0
887,887,1694184420000,0.241,0.241,0.241,0.241,0
888,888,1694184480000,0.241,0.241,0.241,0.241,0
889,889,1694184540000,0.241,0.241,0.241,0.241,0
890,890,1694184600000,0.241,0.241,0.241,0.241,0
891,891,1694184660000,0.241,0.241,0.241,0.241,0
892,892,1694184720000,0.241,0.241,0.241,0.241,0
893,893,1694184780000,0.241,0.241,0.241,0.241,0
894,894,1694184840000,0.241,0.241,0.241,0.241,0
895,895,1694184900000,0.241,0.241,0.241,0.241,0
896,896,1694184960000,0.241,0.241,0.241,0.241,0
897,897,1694185020000,0.241,0.241,0.241,0.241,0
898,898,1694185080000,0.241,0.241,0.241,0.241,0
899,899,1694185140000,0.241,0.241,0.241,0.241,0
900,900,1694185200000,0.241,0.241,0.241,0.241,0
901,901,1694185260000,0.241,0.241,0.241,0.241,0
902,902,1694185320000,0.241,0.241,0.241,0.241,0
903,903,1694185380000,0.241,0.241,0.241,0.241,0
904,904,1694185440000,0.241,0.241,0.241,0.241,0
905,905,1694185500000,0.241,0.241,0.241,0.241,0
906,906,1694185560000,0.241,0.241,0.241,0.241,0
907,907,1694185620000,0.241,0.241,0.241,0.241,0
908,908,1694185680000,0.241,0.241,0.241,0.241,0
909,909,1694185740000,0.241,0.241,0.241,0.241,0
910,910,1694185800000,0.241,0.241,0.241,0.241,0
911,911,1694185860000,0.241,0.241,0.241,0.241,0
912,912,1694185920000,0.241,0.241,0.241,0.241,0
913,913,1694185980000,0.241,0.241,0.241,0.241,0
914,914,1694186040000,0.241,0.241,0.241,0.241,0
915,915,1694186100000,0.241,0.241,0.241,0.241,0
916,916,1694186160000,0.241,0.241,0.241,0.241,0
917,917,1694186220000,0.241,0.241,0.241,0.241,0
918,918,1694186280000,0.241,0.241,0.241,0.241,0
919,919,1694186340000,0.241,0.241,0.241,0.241,0
920,920,1694186400000,0.241,0.241,0.241,0.241,0
921,921,1694186460000,0.241,0.241,0.241,0.241,0
922,922,1694186520000,0.241,0.241,0.241,0.241,0
923,923,1694186580000,0.241,0.241,0.241,0.241,0
924,924,1694186640000,0.241,0.241,0.241,0.241,0
925,925,1694186700000,0.241,0.241,0.241,0.241,0
926,926,1694186760000,0.241,0.241,0.241,0.241,0
927,927,1694186820000,0.241,0.241,0.241,0.241,0
928,928,1694186880000,0.241,0.241,0.241,0.241,0
929,929,1694186940000,0.241,0.241,0.241,0.241,0
930,930,1694187000000,0.241,0.241,0.241,0.241,0
931,931,1694187060000,0.241,0.241,0.241,0.241,0
932,932,1694187120000,0.241,0.241,0.241,0.241,0
933,933,1694187180000,0.241,0.241,0.241,0.241,0
934,934,1694187240000,0.241,0.241,0.241,0.241,0
935,935,1694187300000,0.241,0.241,0.241,0.241,0
936,936,1694187360000,0.241,0.241,0.241,0.241,0
937,937,1694187420000,0.241,0.241,0.241,0.241,0
938,938,1694187480000,0.241,0.241,0.241,0.241,0
939,939,1694187540000,0.241,0.241,0.241,0.241,0
940,940,1694187600000,0.241,0.241,0.241,0.241,0
941,941,1694187660000,0.241,0.241,0.241,0.241,0
942,942,1694187720000,0.241,0.241,0.241,0.241,0
943,943,1694187780000,0.241,0.241,0.241,0.241,0
944,944,1694187840000,0.241,0.241,0.241,0.241,0
945,945,1694187900000,0.241,0.241,0.241,0.241,0
946,946,1694187960000,0.241,0.241,0.241,0.241,0
947,947,1694188020000,0.241,0.241,0.241,0.241,0
948,948,1694188080000,0.241,0.241,0.241,0.241,0
949,949,1694188140000,0.241,0.241,0.241,0.241,0
950,950,1694188200000,0.241,0.241,0.241,0.241,0
951,951,1694188260000,0.241,0.241,0.241,0.241,0
952,952,1694188320000,0.241,0.241,0.241,0.241,0
953,953,1694188380000,0.241,0.241,0.241,0.241,0
954,954,1694188440000,0.241,0.241,0.241,0.241,0
955,955,1694188500000,0.241,0.241,0.241,0.241,0
956,956,1694188560000,0.241,0.241,0.241,0.241,0
957,957,1694188620000,0.241,0.241,0.241,0.241,0
958,958,1694188680000,0.241,0.241,0.241,0.241,0
959,959,1694188740000,0.241,0.241,0.241,0.241,0
960,960,1694188800000,0.241,0.241,0.241,0.241,0
961,961,1694188860000,0.241,0.241,0.241,0.241,0
962,962,1694188920000,0.241,0.241,0.241,0.241,0
963,963,1694188980000,0.241,0.241,0.241,0.241,0
964,964,1694189040000,0.241,0.241,0.241,0.241,0
965,965,1694189100000,0.241,0.241,0.241,0.241,0
966,966,1694189160000,0.241,0.241,0.241,0.241,0
967,967,1694189220000,0.241,0.241,0.241,0.241,0
968,968,1694189280000,0.241,0.241,0.241,0.241,0
969,969,1694189340000,0.241,0.241,0.241,0.241,0
970,970,1694189400000,0.241,0.241,0.241,0.241,0
971,971,1694189460000,0.241,0.241,0.241,0.241,0
972,972,1694189520000,0.241,0.241,0.241,0.241,0
973,973,1694189580000,0.241,0.241,0.241,0.241,0
974,974,1694189640000,0.241,0.241,0.241,0.241,0
975,975,1694189700000,0.241,0.241,0.241,0.241,0
976,976,1694189760000,0.241,0.241,0.241,0.241,0
977,977,1694189820000,0.241,0.241,0.241,0.241,0
978,978,1694189880000,0.241,0.241,0.241,0.241,0
979,979,1694189940000,0.241,0.241,0.241,0.241,0
980,980,1694190000000,0.241,0.241,0.241,0.241,0
981,981,1694190060000,0.241,0.241,0.241,0.241,0
982,982,1694190120000,0.241,0.241,0.241,0.241,0
983,983,1694190180000,0.241,0.241,0.241,0.241,0
984,984,1694190240000,0.241,0.241,0.241,0.241,0
985,985,1694190300000,0.241,0.241,0.241,0.241,0
986,986,1694190360000,0.241,0.241,0.241,0.241,0
987,987,1694190420000,0.241,0.241,0.241,0.241,0
988,988,1694190480000,0.241,0.241,0.241,0.241,0
989,989,1694190540000,0.241,0.241,0.241,0.241,0
990,990,1694190600000,0.241,0.241,0.241,0.241,0
991,991,1694190660000,0.241,0.241,0.241,0.241,0
992,992,1694190720000,0.241,0.241,0.241,0.241,0
993,993,1694190780000,0.241,0.241,0.241,0.241,0
994,994,1694190840000,0.241,0.241,0.241,0.241,0
995,995,1694190900000,0.241,0.241,0.241,0.241,0
996,996,1694190960000,0.241,0.241,0.241,0.241,0
997,997,1694191020000,0.241,0.241,0.241,0.241,0
998,998,1694191080000,0.241,0.241,0.241,0.241,0
999,999,1694191140000,0.241,0.241,0.241,0.241,0
1000,1000,1694191200000,0.241,0.241,0.241,0.241,0
1001,1001,1694191260000,0.241,0.241,0.241,0.241,0
1002,1002,1694191320000,0.241,0.241,0.241,0.241,0
1003,1003,1694191380000,0.241,0.241,0.241,0.241,0
1004,1004,1694191440000,0.241,0.241,0.241,0.241,0
1005,1005,1694191500000,0.241,0.241,0.241,0.241,0
1006,1006,1694191560000,0.241,0.241,0.241,0.241,0
1007,1007,1694191620000,0.241,0.241,0.241,0.241,0
1008,1008,1694191680000,0.241,0.241,0.241,0.241,0
1009,1009,1694191740000,0.241,0.241,0.241,0.241,0
1010,1010,1694191800000,0.241,0.241,0.241,0.241,0
1011,1011,1694191860000,0.241,0.241,0.241,0.241,0
1012,1012,1694191920000,0.241,0.241,0.241,0.241,0
1013,1013,1694191980000,0.241,0.241,0.241,0.241,0
1014,1014,1694192040000,0.241,0.241,0.241,0.241,0
1015,1015,1694192100000,0.241,0.241,0.241,0.241,0
1016,1016,1694192160000,0.241,0.241,0.241,0.241,0
1017,1017,1694192220000,0.241,0.241,0.241,0.241,0
1018,1018,1694192280000,0.241,0.241,0.241,0.241,0
1019,1019,1694192340000,0.241,0.241,0.241,0.241,0
1020,1020,1694192400000,0.241,0.241,0.241,0.241,0
1021,1021,1694192460000,0.241,0.241,0.241,0.241,0
1022,1022,1694192520000,0.241,0.241,0.241,0.241,0
1023,1023,1694192580000,0.241,0.241,0.241,0.241,0
1024,1024,1694192640000,0.241,0.241,0.241,0.241,0
1025,1025,1694192700000,0.241,0.241,0.241,0.241,0
1026,1026,1694192760000,0.241,0.241,0.241,0.241,0
1027,1027,1694192820000,0.241,0.241,0.241,0.241,0
1028,1028,1694192880000,0.241,0.241,0.241,0.241,0
1029,1029,1694192940000,0.241,0.241,0.241,0.241,0
1030,1030,1694193000000,0.241,0.241,0.241,0.241,0
1031,1031,1694193060000,0.241,0.241,0.241,0.241,0
1032,1032,1694193120000,0.241,0.241,0.241,0.241,0
1033,1033,1694193180000,0.241,0.241,0.241,0.241,0
1034,1034,1694193240000,0.241,0.241,0.241,0.241,0
1035,1035,1694193300000,0.241,0.241,0.241,0.241,0
1036,1036,1694193360000,0.241,0.241,0.241,0.241,0
1037,1037,1694193420000,0.241,0.241,0.241,0.241,0
1038,1038,1694193480000,0.241,0.241,0.241,0.241,0
1039,1039,1694193540000,0.241,0.241,0.241,0.241,0
1040,1040,1694193600000,0.241,0.241,0.241,0.241,0
1041,1041,1694193660000,0.241,0.241,0.241,0.241,0
1042,1042,1694193720000,0.241,0.241,0.241,0.241,0
1043,1043,1694193780000,0.241,0.241,0.241,0.241,0
1044,1044,1694193840000,0.241,0.241,0.241,0.241,0
1045,1045,1694193900000,0.241,0.241,0.241,0.241,0
1046,1046,1694193960000,0.241,0.241,0.241,0.241,0
1047,1047,1694194020000,0.241,0.241,0.241,0.241,0
1048,1048,1694194080000,0.241,0.241,0.241,0.241,0
1049,1049,1694194140000,0.241,0.241,0.241,0.241,0
1050,1050,1694194200000,0.241,0.241,0.241,0.241,0
1051,1051,1694194260000,0.241,0.241,0.241,0.241,0
1052,1052,1694194320000,0.241,0.241,0.241,0.241,0
1053,1053,1694194380000,0.241,0.241,0.241,0.241,0
1054,1054,1694194440000,0.241,0.241,0.241,0.241,0
1055,1055,1694194500000,0.241,0.241,0.241,0.241,0
1056,1056,1694194560000,0.241,0.241,0.241,0.241,0
1057,1057,1694194620000,0.241,0.241,0.241,0.241,0
1058,1058,1694194680000,0.241,0.241,0.241,0.241,0
1059,1059,1694194740000,0.241,0.241,0.241,0.241,0
1060,1060,1694194800000,0.241,0.241,0.241,0.241,0
1061,1061,1694194860000,0.241,0.241,0.241,0.241,0
1062,1062,1694194920000,0.241,0.241,0.241,0.241,0
1063,1063,1694194980000,0.241,0.241,0.241,0.241,0
1064,1064,1694195040000,0.241,0.241,0.241,0.241,0
1065,1065,1694195100000,0.241,0.241,0.241,0.241,0
1066,1066,1694195160000,0.241,0.241,0.241,0.241,0
1067,1067,1694195220000,0.241,0.241,0.241,0.241,0
1068,1068,1694195280000,0.241,0.241,0.241,0.241,0
1069,1069,1694195340000,0.241,0.241,0.241,0.241,0
1070,1070,1694195400000,0.241,0.241,0.241,0.241,0
1071,1071,1694195460000,0.241,0.241,0.241,0.241,0
1072,1072,1694195520000,0.241,0.241,0.241,0.241,0
1073,1073,1694195580000,0.241,0.241,0.241,0.241,0
1074,1074,1694195640000,0.241,0.241,0.241,0.241,0
1075,1075,1694195700000,0.241,0.241,0.241,0.241,0
1076,1076,1694195760000,0.241,0.241,0.241,0.241,0
1077,1077,1694195820000,0.241,0.241,0.241,0.241,0
1078,1078,1694195880000,0.241,0.241,0.241,0.241,0
1079,1079,1694195940000,0.241,0.241,0.241,0.241,0
1080,1080,1694196000000,0.241,0.241,0.241,0.241,0
1081,1081,1694196060000,0.241,0.241,0.241,0.241,0
1082,1082,1694196120000,0.241,0.241,0.241,0.241,0
1083,1083,1694196180000,0.241,0.241,0.241,0.241,0
1084,1084,1694196240000,0.241,0.241,0.241,0.241,0
1085,1085,1694196300000,0.241,0.241,0.241,0.241,0
1086,1086,1694196360000,0.241,0.241,0.241,0.241,0
1087,1087,1694196420000,0.241,0.241,0.241,0.241,0
1088,1088,1694196480000,0.241,0.241,0.241,0.241,0
1089,1089,1694196540000,0.241,0.241,0.241,0.241,0
1090,1090,1694196600000,0.241,0.241,0.241,0.241,0
1091,1091,1694196660000,0.241,0.241,0.241,0.241,0
1092,1092,1694196720000,0.241,0.241,0.241,0.241,0
1093,1093,1694196780000,0.241,0.241,0.241,0.241,0
1094,1094,1694196840000,0.241,0.241,0.241,0.241,0
1095,1095,1694196900000,0.241,0.241,0.241,0.241,0
1096,1096,1694196960000,0.241,0.241,0.241,0.241,0
1097,1097,1694197020000,0.241,0.241,0.241,0.241,0
1098,1098,1694197080000,0.241,0.241,0.241,0.241,0
1099,1099,1694197140000,0.241,0.241,0.241,0.241,0
1100,1100,1694197200000,0.241,0.241,0.241,0.241,0
1101,1101,1694197260000,0.241,0.241,0.241,0.241,0
1102,1102,1694197320000,0.241,0.241,0.241,0.241,0
1103,1103,1694197380000,0.241,0.241,0.241,0.241,0
1104,1104,1694197440000,0.241,0.241,0.241,0.241,0
1105,1105,1694197500000,0.241,0.241,0.241,0.241,0
1106,1106,1694197560000,0.241,0.241,0.241,0.241,0
1107,1107,1694197620000,0.241,0.241,0.241,0.241,0
1108,1108,1694197680000,0.241,0.241,0.241,0.241,0
1109,1109,1694197740000,0.241,0.241,0.241,0.241,0
1110,1110,1694197800000,0.241,0.241,0.241,0.241,0
1111,1111,1694197860000,0.241,0.241,0.241,0.241,0
1112,1112,1694197920000,0.241,0.241,0.241,0.241,0
1113,1113,1694197980000,0.241,0.241,0.241,0.241,0
1114,1114,1694198040000,0.241,0.241,0.241,0.241,0
1115,1115,1694198100000,0.241,0.241,0.241,0.241,0
1116,1116,1694198160000,0.241,0.241,0.241,0.241,0
1117,1117,1694198220000,0.241,0.241,0.241,0.241,0
1118,1118,1694198280000,0.241,0.241,0.241,0.241,0
1119,1119,1694198340000,0.241,0.241,0.241,0.241,0
1120,1120,1694198400000,0.241,0.241,0.241,0.241,0
1121,1121,1694198460000,0.241,0.241,0.241,0.241,0
1122,1122,1694198520000,0.241,0.241,0.241,0.241,0
1123,1123,1694198580000,0.241,0.241,0.241,0.241,0
1124,1124,1694198640000,0.241,0.241,0.241,0.241,0
1125,1125,1694198700000,0.241,0.241,0.241,0.241,0
1126,1126,1694198760000,0.241,0.241,0.241,0.241,0
1127,1127,1694198820000,0.241,0.241,0.241,0.241,0
1128,1128,1694198880000,0.241,0.241,0.241,0.241,0
1129,1129,1694198940000,0.241,0.241,0.241,0.241,0
1130,1130,1694199000000,0.241,0.241,0.241,0.241,0
1131,1131,1694199060000,0.241,0.241,0.241,0.241,0
1132,1132,1694199120000,0.241,0.241,0.241,0.241,0
1133,1133,1694199180000,0.241,0.241,0.241,0.241,0
1134,1134,1694199240000,0.241,0.241,0.241,0.241,0
1135,1135,1694199300000,0.241,0.241,0.241,0.241,0
1136,1136,1694199360000,0.241,0.241,0.241,0.241,0
1137,1137,1694199420000,0.241,0.241,0.241,0.241,0
1138,1138,1694199480000,0.241,0.241,0.241,0.241,0
1139,1139,1694199540000,0.241,0.241,0.241,0.241,0
1140,1140,1694199600000,0.241,0.241,0.241,0.241,0
1141,1141,1694199660000,0.241,0.241,0.241,0.241,0
1142,1142,1694199720000,0.241,0.241,0.241,0.241,0
1143,1143,1694199780000,0.241,0.241,0.241,0.241,0
1144,1144,1694199840000,0.241,0.241,0.241,0.241,0
1145,1145,1694199900000,0.241,0.241,0.241,0.241,0
1146,1146,1694199960000,0.241,0.241,0.241,0.241,0
1147,1147,1694200020000,0.241,0.241,0.241,0.241,0
1148,1148,1694200080000,0.241,0.241,0.241,0.241,0
1149,1149,1694200140000,0.241,0.241,0.241,0.241,0
1150,1150,1694200200000,0.241,0.241,0.241,0.241,0
1151,1151,1694200260000,0.241,0.241,0.241,0.241,0
1152,1152,1694200320000,0.241,0.241,0.241,0.241,0
1153,1153,1694200380000,0.241,0.241,0.241,0.241,0
1154,1154,1694200440000,0.241,0.241,0.241,0.241,0
1155,1155,1694200500000,0.241,0.241,0.241,0.241,0
1156,1156,1694200560000,0.241,0.241,0.241,0.241,0
1157,1157,1694200620000,0.241,0.241,0.241,0.241,0
1158,1158,1694200680000,0.241,0.241,0.241,0.241,0
1159,1159,1694200740000,0.241,0.241,0.241,0.241,0
1160,1160,1694200800000,0.241,0.241,0.241,0.241,0
1161,1161,1694200860000,0.241,0.241,0.241,0.241,0
1162,1162,1694200920000,0.241,0.241,0.241,0.241,0
1163,1163,1694200980000,0.241,0.241,0.241,0.241,0
1164,1164,1694201040000,0.241,0.241,0.241,0.241,0
1165,1165,1694201100000,0.241,0.241,0.241,0.241,0
1166,1166,1694201160000,0.241,0.241,0.241,0.241,0
1167,1167,1694201220000,0.241,0.241,0.241,0.241,0
1168,1168,1694201280000,0.241,0.241,0.241,0.241,0
1169,1169,1694201340000,0.241,0.241,0.241,0.241,0
1170,1170,1694201400000,0.241,0.241,0.241,0.241,0
1171,1171,1694201460000,0.241,0.241,0.241,0.241,0
1172,1172,1694201520000,0.241,0.241,0.241,0.241,0
1173,1173,1694201580000,0.241,0.241,0.241,0.241,0
1174,1174,1694201640000,0.241,0.241,0.241,0.241,0
1175,1175,1694201700000,0.241,0.241,0.241,0.241,0
1176,1176,1694201760000,0.241,0.241,0.241,0.241,0
1177,1177,1694201820000,0.241,0.241,0.241,0.241,0
1178,1178,1694201880000,0.241,0.241,0.241,0.241,0
1179,1179,1694201940000,0.241,0.241,0.241,0.241,0
1180,1180,1694202000000,0.241,0.241,0.241,0.241,0
1181,1181,1694202060000,0.241,0.241,0.241,0.241,0
1182,1182,1694202120000,0.241,0.241,0.241,0.241,0
1183,1183,1694202180000,0.241,0.241,0.241,0.241,0
1184,1184,1694202240000,0.241,0.241,0.241,0.241,0
1185,1185,1694202300000,0.241,0.241,0.241,0.241,0
1186,1186,1694202360000,0.241,0.241,0.241,0.241,0
1187,1187,1694202420000,0.241,0.241,0.241,0.241,0
1188,1188,1694202480000,0.241,0.241,0.241,0.241,0
1189,1189,1694202540000,0.241,0.241,0.241,0.241,0
1190,1190,1694202600000,0.241,0.241,0.241,0.241,0
1191,1191,1694202660000,0.241,0.241,0.241,0.241,0
1192,1192,1694202720000,0.241,0.241,0.241,0.241,0
1193,1193,1694202780000,0.241,0.241,0.241,0.241,0
1194,1194,1694202840000,0.241,0.241,0.241,0.241,0
1195,1195,1694202900000,0.241,0.241,0.241,0.241,0
1196,1196,1694202960000,0.241,0.241,0.241,0.241,0
1197,1197,1694203020000,0.241,0.241,0.241,0.241,0
1198,1198,1694203080000,0.241,0.241,0.241,0.241,0
1199,1199,1694203140000,0.241,0.241,0.241,0.241,0
1200,1200,1694203200000,0.241,0.241,0.241,0.241,0
1201,1201,1694203260000,0.241,0.241,0.241,0.241,0
1202,1202,1694203320000,0.241,0.241,0.241,0.241,0
1203,1203,1694203380000,0.241,0.241,0.241,0.241,0
1204,1204,1694203440000,0.241,0.241,0.241,0.241,0
1205,1205,1694203500000,0.241,0.241,0.241,0.241,0
1206,1206,1694203560000,0.241,0.241,0.241,0.241,0
1207,1207,1694203620000,0.241,0.241,0.241,0.241,0
1208,1208,1694203680000,0.241,0.241,0.241,0.241,0
1209,1209,1694203740000,0.241,0.241,0.241,0.241,0
1210,1210,1694203800000,0.241,0.241,0.241,0.241,0
1211,1211,1694203860000,0.241,0.241,0.241,0.241,0
1212,1212,1694203920000,0.241,0.241,0.241,0.241,0
1213,1213,1694203980000,0.241,0.241,0.241,0.241,0
1214,1214,1694204040000,0.241,0.241,0.241,0.241,0
1215,1215,1694204100000,0.241,0.241,0.241,0.241,0
1216,1216,1694204160000,0.241,0.241,0.241,0.241,0
1217,1217,1694204220000,0.241,0.241,0.241,0.241,0
1218,1218,1694204280000,0.241,0.241,0.241,0.241,0
1219,1219,1694204340000,0.241,0.241,0.241,0.241,0
1220,1220,1694204400000,0.241,0.241,0.241,0.241,0
1221,1221,1694204460000,0.241,0.241,0.241,0.241,0
1222,1222,1694204520000,0.241,0.241,0.241,0.241,0
1223,1223,1694204580000,0.241,0.241,0.241,0.241,0
1224,1224,1694204640000,0.241,0.241,0.241,0.241,0
1225,1225,1694204700000,0.241,0.241,0.241,0.241,0
1226,1226,1694204760000,0.241,0.241,0.241,0.241,0
1227,1227,1694204820000,0.241,0.241,0.241,0.241,0
1228,1228,1694204880000,0.241,0.241,0.241,0.241,0
1229,1229,1694204940000,0.241,0.241,0.241,0.241,0
1230,1230,1694205000000,0.241,0.241,0.241,0.241,0
1231,1231,1694205060000,0.241,0.241,0.241,0.241,0
1232,1232,1694205120000,0.241,0.241,0.241,0.241,0
1233,1233,1694205180000,0.241,0.241,0.241,0.241,0
1234,1234,1694205240000,0.241,0.241,0.241,0.241,0
1235,1235,1694205300000,0.241,0.241,0.241,0.241,0
1236,1236,1694205360000,0.241,0.241,0.241,0.241,0
1237,1237,1694205420000,0.241,0.241,0.241,0.241,0
1238,1238,1694205480000,0.241,0.241,0.241,0.241,0
1239,1239,1694205540000,0.241,0.241,0.241,0.241,0
1240,1240,1694205600000,0.241,0.241,0.241,0.241,0
1241,1241,1694205660000,0.241,0.241,0.241,0.241,0
1242,1242,1694205720000,0.241,0.241,0.241,0.241,0
1243,1243,1694205780000,0.241,0.241,0.241,0.241,0
1244,1244,1694205840000,0.241,0.241,0.241,0.241,0
1245,1245,1694205900000,0.241,0.241,0.241,0.241,0
1246,1246,1694205960000,0.241,0.241,0.241,0.241,0
1247,1247,1694206020000,0.241,0.241,0.241,0.241,0
1248,1248,1694206080000,0.241,0.241,0.241,0.241,0
1249,1249,1694206140000,0.241,0.241,0.241,0.241,0
1250,1250,1694206200000,0.241,0.241,0.241,0.241,0
1251,1251,1694206260000,0.241,0.241,0.241,0.241,0
1252,1252,1694206320000,0.241,0.241,0.241,0.241,0
1253,1253,1694206380000,0.241,0.241,0.241,0.241,0
1254,1254,1694206440000,0.241,0.241,0.241,0.241,0
1255,1255,1694206500000,0.241,0.241,0.241,0.241,0
1256,1256,1694206560000,0.241,0.241,0.241,0.241,0
1257,1257,1694206620000,0.241,0.241,0.241,0.241,0
1258,1258,1694206680000,0.241,0.241,0.241,0.241,0
1259,1259,1694206740000,0.241,0.241,0.241,0.241,0
1260,1260,1694206800000,0.241,0.241,0.241,0.241,0
1261,1261,1694206860000,0.241,0.241,0.241,0.241,0
1262,1262,1694206920000,0.241,0.241,0.241,0.241,0
1263,1263,1694206980000,0.241,0.241,0.241,0.241,0
1264,1264,1694207040000,0.241,0.241,0.241,0.241,0
1265,1265,1694207100000,0.241,0.241,0.241,0.241,0
1266,1266,1694207160000,0.241,0.241,0.241,0.241,0
1267,1267,1694207220000,0.241,0.241,0.241,0.241,0
1268,1268,1694207280000,0.241,0.241,0.241,0.241,0
1269,1269,1694207340000,0.241,0.241,0.241,0.241,0
1270,1270,1694207400000,0.241,0.241,0.241,0.241,0
1271,1271,1694207460000,0.241,0.241,0.241,0.241,0
1272,1272,1694207520000,0.241,0.241,0.241,0.241,0
1273,1273,1694207580000,0.241,0.241,0.241,0.241,0
1274,1274,1694207640000,0.241,0.241,0.241,0.241,0
1275,1275,1694207700000,0.241,0.241,0.241,0.241,0
1276,1276,1694207760000,0.241,0.241,0.241,0.241,0
1277,1277,1694207820000,0.241,0.241,0.241,0.241,0
1278,1278,1694207880000,0.241,0.241,0.241,0.241,0
1279,1279,1694207940000,0.241,0.241,0.241,0.241,0
1280,1280,1694208000000,0.241,0.241,0.241,0.241,0
1281,1281,1694208060000,0.241,0.241,0.241,0.241,0
1282,1282,1694208120000,0.241,0.241,0.241,0.241,0
1283,1283,1694208180000,0.241,0.241,0.241,0.241,0
1284,1284,1694208240000,0.241,0.241,0.241,0.241,0
1285,1285,1694208300000,0.241,0.241,0.241,0.241,0
1286,1286,1694208360000,0.241,0.241,0.241,0.241,0
1287,1287,1694208420000,0.241,0.241,0.241,0.241,0
1288,1288,1694208480000,0.241,0.241,0.241,0.241,0
1289,1289,1694208540000,0.241,0.241,0.241,0.241,0
1290,1290,1694208600000,0.241,0.241,0.241,0.241,0
1291,1291,1694208660000,0.241,0.241,0.241,0.241,0
1292,1292,1694208720000,0.241,0.241,0.241,0.241,0
1293,1293,1694208780000,0.241,0.241,0.241,0.241,0
1294,1294,1694208840000,0.241,0.241,0.241,0.241,0
1295,1295,1694208900000,0.241,0.241,0.241,0.241,0
1296,1296,1694208960000,0.241,0.241,0.241,0.241,0
1297,1297,1694209020000,0.241,0.241,0.241,0.241,0
1298,1298,1694209080000,0.241,0.241,0.241,0.241,0
1299,1299,1694209140000,0.241,0.241,0.241,0.241,0
1300,1300,1694209200000,0.241,0.241,0.241,0.241,0
1301,1301,1694209260000,0.241,0.241,0.241,0.241,0
1302,1302,1694209320000,0.241,0.241,0.241,0.241,0
1303,1303,1694209380000,0.241,0.241,0.241,0.241,0
1304,1304,1694209440000,0.241,0.241,0.241,0.241,0
1305,1305,1694209500000,0.241,0.241,0.241,0.241,0
1306,1306,1694209560000,0.241,0.241,0.241,0.241,0
1307,1307,1694209620000,0.241,0.241,0.241,0.241,0
1308,1308,1694209680000,0.241,0.241,0.241,0.241,0
1309,1309,1694209740000,0.241,0.241,0.241,0.241,0
1310,1310,1694209800000,0.241,0.241,0.241,0.241,0
1311,1311,1694209860000,0.241,0.241,0.241,0.241,0
1312,1312,1694209920000,0.241,0.241,0.241,0.241,0
1313,1313,1694209980000,0.241,0.241,0.241,0.241,0
1314,1314,1694210040000,0.241,0.241,0.241,0.241,0
1315,1315,1694210100000,0.241,0.241,0.241,0.241,0
1316,1316,1694210160000,0.241,0.241,0.241,0.241,0
1317,1317,1694210220000,0.241,0.241,0.241,0.241,0
1318,1318,1694210280000,0.241,0.241,0.241,0.241,0
1319,1319,1694210340000,0.241,0.241,0.241,0.241,0
1320,1320,1694210400000,0.241,0.241,0.241,0.241,0
1321,1321,1694210460000,0.241,0.241,0.241,0.241,0
1322,1322,1694210520000,0.241,0.241,0.241,0.241,0
1323,1323,1694210580000,0.241,0.241,0.241,0.241,0
1324,1324,1694210640000,0.241,0.241,0.241,0.241,0
1325,1325,1694210700000,0.241,0.241,0.241,0.241,0
1326,1326,1694210760000,0.241,0.241,0.241,0.241,0
1327,1327,1694210820000,0.241,0.241,0.241,0.241,0
1328,1328,1694210880000,0.241,0.241,0.241,0.241,0
1329,1329,1694210940000,0.241,0.241,0.241,0.241,0
1330,1330,1694211000000,0.241,0.241,0.241,0.241,0
1331,1331,1694211060000,0.241,0.241,0.241,0.241,0
1332,1332,1694211120000,0.241,0.241,0.241,0.241,0
1333,1333,1694211180000,0.241,0.241,0.241,0.241,0
1334,1334,1694211240000,0.241,0.241,0.241,0.241,0
1335,1335,1694211300000,0.241,0.241,0.241,0.241,0
1336,1336,1694211360000,0.241,0.241,0.241,0.241,0
1337,1337,1694211420000,0.241,0.241,0.241,0.241,0
1338,1338,1694211480000,0.241,0.241,0.241,0.241,0
1339,1339,1694211540000,0.241,0.241,0.241,0.241,0
1340,1340,1694211600000,0.241,0.241,0.241,0.241,0
1341,1341,1694211660000,0.241,0.241,0.241,0.241,0
1342,1342,1694211720000,0.241,0.241,0.241,0.241,0
1343,1343,1694211780000,0.241,0.241,0.241,0.241,0
1344,1344,1694211840000,0.241,0.241,0.241,0.241,0
1345,1345,1694211900000,0.241,0.241,0.241,0.241,0
1346,1346,1694211960000,0.241,0.241,0.241,0.241,0
1347,1347,1694212020000,0.241,0.241,0.241,0.241,0
1348,1348,1694212080000,0.241,0.241,0.241,0.241,0
1349,1349,1694212140000,0.241,0.241,0.241,0.241,0
1350,1350,1694212200000,0.241,0.241,0.241,0.241,0
1351,1351,1694212260000,0.241,0.241,0.241,0.241,0
1352,1352,1694212320000,0.241,0.241,0.241,0.241,0
1353,1353,1694212380000,0.241,0.241,0.241,0.241,0
1354,1354,1694212440000,0.241,0.241,0.241,0.241,0
1355,1355,1694212500000,0.241,0.241,0.241,0.241,0
1356,1356,1694212560000,0.241,0.241,0.241,0.241,0
1357,1357,1694212620000,0.241,0.241,0.241,0.241,0
1358,1358,1694212680000,0.241,0.241,0.241,0.241,0
1359,1359,1694212740000,0.241,0.241,0.241,0.241,0
1360,1360,1694212800000,0.241,0.241,0.241,0.241,0
1361,1361,1694212860000,0.241,0.241,0.241,0.241,0
1362,1362,1694212920000,0.241,0.241,0.241,0.241,0
1363,1363,1694212980000,0.241,0.241,0.241,0.241,0
1364,1364,1694213040000,0.241,0.241,0.241,0.241,0
1365,1365,1694213100000,0.241,0.241,0.241,0.241,0
1366,1366,1694213160000,0.241,0.241,0.241,0.241,0
1367,1367,1694213220000,0.241,0.241,0.241,0.241,0
1368,1368,1694213280000,0.241,0.241,0.241,0.241,0
1369,1369,1694213340000,0.241,0.241,0.241,0.241,0
1370,1370,1694213400000,0.241,0.241,0.241,0.241,0
1371,1371,1694213460000,0.241,0.241,0.241,0.241,0
1372,1372,1694213520000,0.241,0.241,0.241,0.241,0
1373,1373,1694213580000,0.241,0.241,0.241,0.241,0
1374,1374,1694213640000,0.241,0.241,0.241,0.241,0
1375,1375,1694213700000,0.241,0.241,0.241,0.241,0
1376,1376,1694213760000,0.241,0.241,0.241,0.241,0
1377,1377,1694213820000,0.241,0.241,0.241,0.241,0
1378,1378,1694213880000,0.241,0.241,0.241,0.241,0
1379,1379,1694213940000,0.241,0.241,0.241,0.241,0
1380,1380,1694214000000,0.241,0.241,0.241,0.241,0
1381,1381,1694214060000,0.241,0.241,0.241,0.241,0
1382,1382,1694214120000,0.241,0.241,0.241,0.241,0
1383,1383,1694214180000,0.241,0.241,0.241,0.241,0
1384,1384,1694214240000,0.241,0.241,0.241,0.241,0
1385,1385,1694214300000,0.241,0.241,0.241,0.241,0
1386,1386,1694214360000,0.241,0.241,0.241,0.241,0
1387,1387,1694214420000,0.241,0.241,0.241,0.241,0
1388,1388,1694214480000,0.241,0.241,0.241,0.241,0
1389,1389,1694214540000,0.241,0.241,0.241,0.241,0
1390,1390,1694214600000,0.241,0.241,0.241,0.241,0
1391,1391,1694214660000,0.241,0.241,0.241,0.241,0
1392,1392,1694214720000,0.241,0.241,0.241,0.241,0
1393,1393,1694214780000,0.241,0.241,0.241,0.241,0
1394,1394,1694214840000,0.241,0.241,0.241,0.241,0
1395,1395,1694214900000,0.241,0.241,0.241,0.241,0
1396,1396,1694214960000,0.241,0.241,0.241,0.241,0
1397,1397,1694215020000,0.241,0.241,0.241,0.241,0
1398,1398,1694215080000,0.241,0.241,0.241,0.241,0
1399,1399,1694215140000,0.241,0.241,0.241,0.241,0
1400,1400,1694215200000,0.241,0.241,0.241,0.241,0
1401,1401,1694215260000,0.241,0.241,0.241,0.241,0
1402,1402,1694215320000,0.241,0.241,0.241,0.241,0
1403,1403,1694215380000,0.241,0.241,0.241,0.241,0
1404,1404,1694215440000,0.241,0.241,0.241,0.241,0
1405,1405,1694215500000,0.241,0.241,0.241,0.241,0
1406,1406,1694215560000,0.241,0.241,0.241,0.241,0
1407,1407,1694215620000,0.241,0.241,0.241,0.241,0
1408,1408,1694215680000,0.241,0.241,0.241,0.241,0
1409,1409,1694215740000,0.241,0.241,0.241,0.241,0
1410,1410,1694215800000,0.241,0.241,0.241,0.241,0
1411,1411,1694215860000,0.241,0.241,0.241,0.241,0
1412,1412,1694215920000,0.241,0.241,0.241,0.241,0
1413,1413,1694215980000,0.241,0.241,0.241,0.241,0
1414,1414,1694216040000,0.241,0.241,0.241,0.241,0
1415,1415,1694216100000,0.241,0.241,0.241,0.241,0
1416,1416,1694216160000,0.241,0.241,0.241,0.241,0
1417,1417,1694216220000,0.241,0.241,0.241,0.241,0
1418,1418,1694216280000,0.241,0.241,0.241,0.241,0
1419,1419,1694216340000,0.241,0.241,0.241,0.241,0
1420,1420,1694216400000,0.241,0.241,0.241,0.241,0
1421,1421,1694216460000,0.241,0.241,0.241,0.241,0
1422,1422,1694216520000,0.241,0.241,0.241,0.241,0
1423,1423,1694216580000,0.241,0.241,0.241,0.241,0
1424,1424,1694216640000,0.241,0.241,0.241,0.241,0
1425,1425,1694216700000,0.241,0.241,0.241,0.241,0
1426,1426,1694216760000,0.241,0.241,0.241,0.241,0
1427,1427,1694216820000,0.241,0.241,0.241,0.241,0
1428,1428,1694216880000,0.241,0.241,0.241,0.241,0
1429,1429,1694216940000,0.241,0.241,0.241,0.241,0
1430,1430,1694217000000,0.241,0.241,0.241,0.241,0
1431,1431,1694217060000,0.241,0.241,0.241,0.241,0
1432,1432,1694217120000,0.241,0.241,0.241,0.241,0
1433,1433,1694217180000,0.241,0.241,0.241,0.241,0
1434,1434,1694217240000,0.241,0.241,0.241,0.241,0
1435,1435,1694217300000,0.241,0.241,0.241,0.241,0
1436,1436,1694217360000,0.241,0.241,0.241,0.241,0
1437,1437,1694217420000,0.241,0.241,0.241,0.241,0
1438,1438,1694217480000,0.241,0.241,0.241,0.241,0
1439,1439,1694217540000,0.241,0.241,0.241,0.241,0
