,index,timestamp,open,high,low,close,volume
0,0,1694822400000,4.507,4.528,4.507,4.519,10544.1
1,1,1694822460000,4.519,4.524,4.518,4.52,3492.1
2,2,1694822520000,4.52,4.532,4.52,4.523,6524.7
3,3,1694822580000,4.522,4.531,4.518,4.521,4538.1
4,4,1694822640000,4.52,4.52,4.515,4.515,2266.6
5,5,1694822700000,4.516,4.516,4.499,4.5,10583.8
6,6,1694822760000,4.501,4.516,4.498,4.513,13015.6
7,7,1694822820000,4.514,4.518,4.512,4.518,1885.6
8,8,1694822880000,4.517,4.533,4.517,4.531,6205.5
9,9,1694822940000,4.531,4.539,4.53,4.536,4360.3
10,10,1694823000000,4.536,4.544,4.534,4.535,5304.6
11,11,1694823060000,4.535,4.535,4.525,4.528,2807.6
12,12,1694823120000,4.527,4.531,4.524,4.526,5159.4
13,13,1694823180000,4.526,4.526,4.515,4.516,3711.6
14,14,1694823240000,4.516,4.519,4.513,4.514,4059.7
15,15,1694823300000,4.514,4.514,4.505,4.507,3120.7
16,16,1694823360000,4.505,4.507,4.501,4.504,3635.7
17,17,1694823420000,4.504,4.507,4.503,4.503,1146.6
18,18,1694823480000,4.504,4.509,4.504,4.506,2365.0
19,19,1694823540000,4.506,4.51,4.502,4.505,1747.0
20,20,1694823600000,4.506,4.508,4.504,4.508,1477.3
21,21,1694823660000,4.507,4.511,4.505,4.505,2429.8
22,22,1694823720000,4.505,4.507,4.505,4.506,1332.6
23,23,1694823780000,4.505,4.519,4.505,4.516,5688.6
24,24,1694823840000,4.517,4.521,4.516,4.52,995.7
25,25,1694823900000,4.52,4.53,4.52,4.53,1927.0
26,26,1694823960000,4.531,4.553,4.531,4.549,7869.1
27,27,1694824020000,4.55,4.563,4.547,4.562,13678.0
28,28,1694824080000,4.563,4.564,4.551,4.552,3582.6
29,29,1694824140000,4.551,4.557,4.546,4.555,3613.5
30,30,1694824200000,4.556,4.566,4.556,4.564,2595.5
31,31,1694824260000,4.564,4.575,4.562,4.575,4278.1
32,32,1694824320000,4.575,4.576,4.567,4.569,4701.4
33,33,1694824380000,4.569,4.57,4.555,4.563,7199.5
34,34,1694824440000,4.564,4.564,4.557,4.557,2413.4
35,35,1694824500000,4.556,4.56,4.551,4.56,2486.0
36,36,1694824560000,4.56,4.562,4.558,4.558,802.2
37,37,1694824620000,4.558,4.563,4.544,4.545,5670.8
38,38,1694824680000,4.546,4.552,4.546,4.548,3041.8
39,39,1694824740000,4.545,4.549,4.543,4.543,1941.8
40,40,1694824800000,4.544,4.545,4.53,4.53,8306.1
41,41,1694824860000,4.531,4.535,4.528,4.528,1917.0
42,42,1694824920000,4.53,4.53,4.517,4.528,3934.2
43,43,1694824980000,4.527,4.527,4.517,4.522,1680.5
44,44,1694825040000,4.521,4.53,4.521,4.528,869.2
45,45,1694825100000,4.529,4.535,4.525,4.535,2347.1
46,46,1694825160000,4.535,4.535,4.531,4.531,531.9
47,47,1694825220000,4.531,4.545,4.529,4.541,2745.7
48,48,1694825280000,4.541,4.543,4.538,4.539,1247.0
49,49,1694825340000,4.54,4.55,4.54,4.549,2195.2
50,50,1694825400000,4.55,4.552,4.547,4.551,1132.3
51,51,1694825460000,4.55,4.551,4.545,4.55,1398.3
52,52,1694825520000,4.55,4.552,4.55,4.551,407.0
53,53,1694825580000,4.55,4.551,4.548,4.549,301.4
54,54,1694825640000,4.549,4.55,4.537,4.537,1356.1
55,55,1694825700000,4.537,4.537,4.532,4.536,1492.0
56,56,1694825760000,4.537,4.538,4.53,4.533,3161.3
57,57,1694825820000,4.533,4.533,4.522,4.523,1572.5
58,58,1694825880000,4.524,4.532,4.52,4.53,2215.1
59,59,1694825940000,4.53,4.533,4.529,4.532,574.3
60,60,1694826000000,4.532,4.54,4.531,4.539,2075.6
61,61,1694826060000,4.54,4.546,4.54,4.54,1999.5
62,62,1694826120000,4.54,4.549,4.539,4.546,883.5
63,63,1694826180000,4.547,4.551,4.545,4.549,2230.7
64,64,1694826240000,4.55,4.558,4.55,4.557,3527.1
65,65,1694826300000,4.556,4.561,4.556,4.56,1047.1
66,66,1694826360000,4.559,4.564,4.559,4.564,3813.5
67,67,1694826420000,4.563,4.565,4.561,4.565,2322.0
68,68,1694826480000,4.565,4.57,4.565,4.57,1936.3
69,69,1694826540000,4.567,4.572,4.566,4.571,4789.5
70,70,1694826600000,4.57,4.572,4.565,4.565,2754.3
71,71,1694826660000,4.565,4.566,4.559,4.563,2778.3
72,72,1694826720000,4.563,4.571,4.563,4.571,802.2
73,73,1694826780000,4.57,4.57,4.555,4.561,3359.2
74,74,1694826840000,4.558,4.561,4.557,4.561,823.9
75,75,1694826900000,4.562,4.565,4.56,4.562,1731.2
76,76,1694826960000,4.56,4.561,4.559,4.559,76.0
77,77,1694827020000,4.56,4.572,4.56,4.569,3688.3
78,78,1694827080000,4.568,4.569,4.559,4.564,2610.4
79,79,1694827140000,4.563,4.565,4.559,4.561,1535.7
80,80,1694827200000,4.562,4.567,4.555,4.556,2203.4
81,81,1694827260000,4.555,4.555,4.53,4.541,32211.0
82,82,1694827320000,4.541,4.543,4.526,4.528,3773.6
83,83,1694827380000,4.526,4.527,4.522,4.525,2522.3
84,84,1694827440000,4.525,4.529,4.52,4.522,4950.4
85,85,1694827500000,4.522,4.532,4.52,4.529,3049.1
86,86,1694827560000,4.529,4.534,4.516,4.516,3462.6
87,87,1694827620000,4.516,4.519,4.516,4.519,1163.3
88,88,1694827680000,4.52,4.52,4.514,4.517,1832.0
89,89,1694827740000,4.517,4.519,4.513,4.517,2717.7
90,90,1694827800000,4.517,4.519,4.508,4.519,7121.0
91,91,1694827860000,4.52,4.522,4.517,4.521,1034.3
92,92,1694827920000,4.522,4.527,4.52,4.52,2292.0
93,93,1694827980000,4.52,4.524,4.519,4.524,1547.7
94,94,1694828040000,4.523,4.524,4.516,4.518,2560.5
95,95,1694828100000,4.519,4.524,4.519,4.519,1144.2
96,96,1694828160000,4.52,4.525,4.52,4.522,1121.1
97,97,1694828220000,4.522,4.527,4.522,4.526,899.6
98,98,1694828280000,4.527,4.527,4.525,4.525,353.9
99,99,1694828340000,4.525,4.525,4.514,4.515,6947.6
100,100,1694828400000,4.514,4.52,4.514,4.516,3688.9
101,101,1694828460000,4.516,4.523,4.508,4.512,9179.1
102,102,1694828520000,4.513,4.518,4.511,4.511,5120.2
103,103,1694828580000,4.509,4.514,4.509,4.513,1137.7
104,104,1694828640000,4.514,4.517,4.512,4.516,687.3
105,105,1694828700000,4.516,4.52,4.516,4.518,2588.8
106,106,1694828760000,4.518,4.522,4.518,4.521,1226.1
107,107,1694828820000,4.522,4.534,4.522,4.532,7073.1
108,108,1694828880000,4.531,4.532,4.531,4.532,921.0
109,109,1694828940000,4.532,4.535,4.531,4.531,2079.1
110,110,1694829000000,4.533,4.535,4.533,4.533,1252.3
111,111,1694829060000,4.535,4.551,4.534,4.549,9998.3
112,112,1694829120000,4.551,4.554,4.549,4.554,359.7
113,113,1694829180000,4.552,4.552,4.55,4.55,1030.0
114,114,1694829240000,4.55,4.561,4.55,4.557,1718.8
115,115,1694829300000,4.557,4.557,4.544,4.545,6308.0
116,116,1694829360000,4.544,4.551,4.541,4.551,1774.5
117,117,1694829420000,4.551,4.551,4.546,4.546,714.7
118,118,1694829480000,4.546,4.551,4.543,4.543,2757.9
119,119,1694829540000,4.545,4.551,4.545,4.545,1891.5
120,120,1694829600000,4.547,4.559,4.547,4.556,2407.2
121,121,1694829660000,4.556,4.558,4.55,4.557,2934.0
122,122,1694829720000,4.558,4.566,4.558,4.564,1579.6
123,123,1694829780000,4.565,4.575,4.565,4.567,5924.2
124,124,1694829840000,4.568,4.578,4.568,4.577,2915.5
125,125,1694829900000,4.576,4.588,4.575,4.587,7604.3
126,126,1694829960000,4.587,4.6,4.586,4.596,8062.9
127,127,1694830020000,4.598,4.603,4.596,4.601,3049.1
128,128,1694830080000,4.601,4.707,4.598,4.687,257758.3
129,129,1694830140000,4.687,4.687,4.651,4.651,24293.4
130,130,1694830200000,4.654,4.664,4.648,4.655,18819.7
131,131,1694830260000,4.655,4.67,4.649,4.668,14846.7
132,132,1694830320000,4.668,4.668,4.648,4.662,15069.7
133,133,1694830380000,4.663,4.668,4.662,4.667,6778.8
134,134,1694830440000,4.665,4.693,4.66,4.678,19207.1
135,135,1694830500000,4.679,4.699,4.679,4.689,17135.0
136,136,1694830560000,4.69,4.691,4.68,4.682,7147.8
137,137,1694830620000,4.683,4.685,4.68,4.68,6059.9
138,138,1694830680000,4.682,4.685,4.677,4.68,6725.3
139,139,1694830740000,4.68,4.687,4.669,4.678,10637.4
140,140,1694830800000,4.677,4.685,4.671,4.683,4021.8
141,141,1694830860000,4.683,4.687,4.681,4.681,3549.3
142,142,1694830920000,4.681,4.695,4.678,4.695,6664.0
143,143,1694830980000,4.696,4.714,4.696,4.709,15078.6
144,144,1694831040000,4.71,4.718,4.693,4.696,9569.3
145,145,1694831100000,4.696,4.718,4.691,4.71,11369.9
146,146,1694831160000,4.709,4.711,4.702,4.704,3459.4
147,147,1694831220000,4.704,4.706,4.701,4.702,3304.3
148,148,1694831280000,4.704,4.712,4.702,4.711,6579.1
149,149,1694831340000,4.712,4.712,4.691,4.696,15299.8
150,150,1694831400000,4.697,4.698,4.685,4.685,6285.2
151,151,1694831460000,4.685,4.691,4.683,4.688,5105.2
152,152,1694831520000,4.685,4.688,4.679,4.679,6180.4
153,153,1694831580000,4.681,4.686,4.68,4.686,2130.2
154,154,1694831640000,4.687,4.689,4.685,4.689,2895.1
155,155,1694831700000,4.688,4.688,4.679,4.683,2434.0
156,156,1694831760000,4.681,4.683,4.678,4.68,1786.6
157,157,1694831820000,4.68,4.682,4.67,4.671,10852.2
158,158,1694831880000,4.671,4.671,4.653,4.655,13224.8
159,159,1694831940000,4.656,4.661,4.653,4.661,3730.6
160,160,1694832000000,4.659,4.677,4.659,4.669,4249.4
161,161,1694832060000,4.667,4.669,4.665,4.666,994.0
162,162,1694832120000,4.664,4.668,4.664,4.667,995.3
163,163,1694832180000,4.668,4.668,4.664,4.666,906.6
164,164,1694832240000,4.667,4.669,4.665,4.667,943.6
165,165,1694832300000,4.668,4.694,4.667,4.693,8404.7
166,166,1694832360000,4.692,4.706,4.692,4.702,6495.3
167,167,1694832420000,4.702,4.709,4.701,4.704,4187.0
168,168,1694832480000,4.705,4.712,4.702,4.706,4490.1
169,169,1694832540000,4.707,4.76,4.707,4.735,54349.7
170,170,1694832600000,4.736,4.746,4.73,4.73,12847.2
171,171,1694832660000,4.731,4.739,4.723,4.738,6406.3
172,172,1694832720000,4.737,4.749,4.731,4.735,13073.1
173,173,1694832780000,4.735,4.739,4.72,4.72,11834.2
174,174,1694832840000,4.721,4.73,4.721,4.729,5850.3
175,175,1694832900000,4.728,4.739,4.72,4.733,10472.5
176,176,1694832960000,4.735,4.735,4.727,4.727,2829.3
177,177,1694833020000,4.728,4.728,4.718,4.719,8694.2
178,178,1694833080000,4.72,4.722,4.716,4.72,6893.1
179,179,1694833140000,4.717,4.723,4.713,4.713,5163.3
180,180,1694833200000,4.713,4.722,4.71,4.716,4781.1
181,181,1694833260000,4.715,4.718,4.715,4.716,1251.7
182,182,1694833320000,4.717,4.732,4.715,4.728,5477.0
183,183,1694833380000,4.729,4.75,4.728,4.745,9003.1
184,184,1694833440000,4.745,4.746,4.73,4.73,10698.7
185,185,1694833500000,4.73,4.732,4.726,4.726,2650.0
186,186,1694833560000,4.727,4.741,4.727,4.74,3010.6
187,187,1694833620000,4.739,4.744,4.725,4.729,5949.6
188,188,1694833680000,4.728,4.729,4.715,4.716,8654.6
189,189,1694833740000,4.719,4.72,4.713,4.715,2304.9
190,190,1694833800000,4.716,4.718,4.71,4.71,2806.1
191,191,1694833860000,4.71,4.717,4.707,4.713,3290.8
192,192,1694833920000,4.714,4.717,4.713,4.716,2221.7
193,193,1694833980000,4.716,4.717,4.699,4.7,5577.0
194,194,1694834040000,4.7,4.705,4.695,4.698,5064.6
195,195,1694834100000,4.698,4.7,4.69,4.696,6673.1
196,196,1694834160000,4.694,4.706,4.694,4.698,9404.7
197,197,1694834220000,4.698,4.712,4.698,4.709,7963.0
198,198,1694834280000,4.71,4.715,4.71,4.714,3606.0
199,199,1694834340000,4.712,4.72,4.711,4.72,3059.9
200,200,1694834400000,4.72,4.724,4.715,4.717,3282.2
201,201,1694834460000,4.718,4.729,4.718,4.726,2092.7
202,202,1694834520000,4.729,4.732,4.726,4.728,1386.8
203,203,1694834580000,4.727,4.735,4.727,4.732,1664.8
204,204,1694834640000,4.734,4.742,4.734,4.74,3083.3
205,205,1694834700000,4.739,4.743,4.73,4.735,2914.6
206,206,1694834760000,4.737,4.738,4.732,4.734,1573.4
207,207,1694834820000,4.734,4.743,4.734,4.739,4514.4
208,208,1694834880000,4.739,4.739,4.733,4.733,1136.7
209,209,1694834940000,4.734,4.736,4.728,4.728,3747.0
210,210,1694835000000,4.727,4.729,4.704,4.705,8531.4
211,211,1694835060000,4.705,4.714,4.701,4.709,3819.3
212,212,1694835120000,4.712,4.72,4.71,4.714,3730.3
213,213,1694835180000,4.714,4.718,4.693,4.698,10808.6
214,214,1694835240000,4.698,4.701,4.688,4.695,7051.5
215,215,1694835300000,4.694,4.703,4.595,4.642,184923.1
216,216,1694835360000,4.642,4.645,4.599,4.644,71851.8
217,217,1694835420000,4.645,4.647,4.539,4.588,173227.1
218,218,1694835480000,4.589,4.593,4.499,4.528,130201.7
219,219,1694835540000,4.526,4.534,4.498,4.533,94802.7
220,220,1694835600000,4.531,4.531,4.504,4.514,36068.0
221,221,1694835660000,4.514,4.543,4.514,4.542,32130.1
222,222,1694835720000,4.541,4.545,4.537,4.543,12279.2
223,223,1694835780000,4.542,4.547,4.538,4.543,7694.4
224,224,1694835840000,4.542,4.544,4.536,4.539,15799.6
225,225,1694835900000,4.539,4.545,4.539,4.539,9242.3
226,226,1694835960000,4.541,4.546,4.538,4.54,7463.3
227,227,1694836020000,4.539,4.54,4.52,4.522,16371.2
228,228,1694836080000,4.523,4.531,4.515,4.529,11421.1
229,229,1694836140000,4.529,4.531,4.502,4.507,19821.4
230,230,1694836200000,4.507,4.51,4.494,4.5,18971.1
231,231,1694836260000,4.5,4.5,4.467,4.491,50689.4
232,232,1694836320000,4.492,4.503,4.49,4.492,10943.1
233,233,1694836380000,4.493,4.5,4.397,4.4,126245.0
234,234,1694836440000,4.4,4.446,4.391,4.418,167801.8
235,235,1694836500000,4.418,4.432,4.418,4.43,23038.5
236,236,1694836560000,4.431,4.445,4.425,4.439,22090.0
237,237,1694836620000,4.439,4.442,4.431,4.432,8410.2
238,238,1694836680000,4.431,4.434,4.424,4.429,9286.0
239,239,1694836740000,4.427,4.437,4.427,4.433,9200.1
240,240,1694836800000,4.434,4.449,4.433,4.449,15126.3
241,241,1694836860000,4.449,4.461,4.446,4.456,16112.8
242,242,1694836920000,4.456,4.458,4.443,4.445,10832.6
243,243,1694836980000,4.445,4.445,4.428,4.439,13875.0
244,244,1694837040000,4.44,4.461,4.439,4.458,17504.9
245,245,1694837100000,4.459,4.466,4.456,4.464,12776.5
246,246,1694837160000,4.464,4.47,4.463,4.468,10620.9
247,247,1694837220000,4.469,4.474,4.467,4.473,6591.6
248,248,1694837280000,4.473,4.474,4.467,4.468,5742.2
249,249,1694837340000,4.467,4.469,4.455,4.469,8007.5
250,250,1694837400000,4.47,4.474,4.469,4.472,4991.8
251,251,1694837460000,4.472,4.474,4.467,4.474,2773.5
252,252,1694837520000,4.475,4.484,4.474,4.482,4493.1
253,253,1694837580000,4.481,4.483,4.477,4.481,3090.9
254,254,1694837640000,4.481,4.483,4.47,4.471,4928.5
255,255,1694837700000,4.471,4.487,4.471,4.486,5695.4
256,256,1694837760000,4.486,4.49,4.485,4.489,4673.2
257,257,1694837820000,4.489,4.493,4.458,4.459,23949.4
258,258,1694837880000,4.459,4.473,4.459,4.473,6610.2
259,259,1694837940000,4.473,4.475,4.472,4.474,2741.9
260,260,1694838000000,4.475,4.475,4.47,4.474,2287.5
261,261,1694838060000,4.474,4.475,4.458,4.463,6723.9
262,262,1694838120000,4.463,4.471,4.461,4.462,4722.4
263,263,1694838180000,4.461,4.464,4.461,4.464,1185.5
264,264,1694838240000,4.464,4.464,4.458,4.46,1465.8
265,265,1694838300000,4.458,4.461,4.453,4.453,1619.3
266,266,1694838360000,4.452,4.452,4.439,4.441,5223.9
267,267,1694838420000,4.442,4.45,4.442,4.447,3334.0
268,268,1694838480000,4.446,4.448,4.438,4.442,3817.3
269,269,1694838540000,4.442,4.446,4.435,4.445,5921.8
270,270,1694838600000,4.447,4.454,4.446,4.452,6886.7
271,271,1694838660000,4.452,4.454,4.452,4.452,1830.4
272,272,1694838720000,4.451,4.454,4.45,4.452,1883.9
273,273,1694838780000,4.452,4.452,4.444,4.444,2913.2
274,274,1694838840000,4.444,4.444,4.438,4.444,1731.2
275,275,1694838900000,4.445,4.446,4.443,4.444,1529.8
276,276,1694838960000,4.444,4.445,4.442,4.443,974.9
277,277,1694839020000,4.443,4.447,4.441,4.442,3660.3
278,278,1694839080000,4.442,4.442,4.398,4.413,54056.4
279,279,1694839140000,4.414,4.414,4.395,4.412,15969.0
280,280,1694839200000,4.409,4.412,4.299,4.336,305919.9
281,281,1694839260000,4.335,4.359,4.298,4.325,92151.5
282,282,1694839320000,4.324,4.355,4.322,4.354,17510.8
283,283,1694839380000,4.355,4.357,4.353,4.356,15342.6
284,284,1694839440000,4.355,4.364,4.355,4.362,8649.2
285,285,1694839500000,4.364,4.379,4.333,4.363,57053.6
286,286,1694839560000,4.363,4.369,4.361,4.365,12105.4
287,287,1694839620000,4.365,4.369,4.365,4.367,6019.8
288,288,1694839680000,4.367,4.368,4.361,4.368,5732.9
289,289,1694839740000,4.368,4.37,4.364,4.367,6489.3
290,290,1694839800000,4.367,4.371,4.367,4.37,5616.1
291,291,1694839860000,4.37,4.372,4.367,4.367,3911.0
292,292,1694839920000,4.369,4.373,4.367,4.372,5015.0
293,293,1694839980000,4.37,4.383,4.37,4.38,9987.8
294,294,1694840040000,4.38,4.381,4.378,4.378,1421.0
295,295,1694840100000,4.377,4.382,4.377,4.381,3096.2
296,296,1694840160000,4.381,4.382,4.377,4.38,3116.9
297,297,1694840220000,4.381,4.383,4.375,4.38,8569.0
298,298,1694840280000,4.378,4.381,4.378,4.379,2445.4
299,299,1694840340000,4.38,4.382,4.377,4.38,2963.6
300,300,1694840400000,4.381,4.387,4.376,4.386,10030.0
301,301,1694840460000,4.385,4.397,4.385,4.393,9024.1
302,302,1694840520000,4.394,4.397,4.393,4.395,3962.1
303,303,1694840580000,4.395,4.395,4.387,4.388,3159.2
304,304,1694840640000,4.389,4.392,4.387,4.387,2608.3
305,305,1694840700000,4.386,4.392,4.386,4.392,1832.2
306,306,1694840760000,4.392,4.394,4.392,4.393,1654.4
307,307,1694840820000,4.394,4.397,4.392,4.396,4530.3
308,308,1694840880000,4.396,4.399,4.396,4.398,8034.7
309,309,1694840940000,4.398,4.408,4.398,4.406,7808.8
310,310,1694841000000,4.406,4.409,4.405,4.407,3315.6
311,311,1694841060000,4.408,4.412,4.404,4.407,6242.3
312,312,1694841120000,4.409,4.411,4.404,4.404,2294.5
313,313,1694841180000,4.404,4.404,4.398,4.401,2273.4
314,314,1694841240000,4.402,4.407,4.4,4.407,2160.0
315,315,1694841300000,4.408,4.41,4.406,4.408,1202.4
316,316,1694841360000,4.408,4.41,4.405,4.407,2030.5
317,317,1694841420000,4.407,4.41,4.407,4.407,1991.6
318,318,1694841480000,4.406,4.406,4.399,4.399,1582.6
319,319,1694841540000,4.399,4.401,4.396,4.399,1803.0
320,320,1694841600000,4.398,4.398,4.388,4.389,4095.9
321,321,1694841660000,4.391,4.394,4.39,4.392,1751.6
322,322,1694841720000,4.391,4.394,4.388,4.393,1908.8
323,323,1694841780000,4.394,4.411,4.394,4.409,18668.0
324,324,1694841840000,4.411,4.412,4.407,4.411,2296.2
325,325,1694841900000,4.41,4.418,4.409,4.418,3356.4
326,326,1694841960000,4.418,4.42,4.418,4.42,1363.5
327,327,1694842020000,4.42,4.423,4.418,4.423,2376.7
328,328,1694842080000,4.423,4.425,4.423,4.423,906.4
329,329,1694842140000,4.423,4.423,4.415,4.421,2499.9
330,330,1694842200000,4.42,4.42,4.412,4.417,2401.4
331,331,1694842260000,4.416,4.416,4.408,4.412,3312.2
332,332,1694842320000,4.411,4.411,4.402,4.406,1961.2
333,333,1694842380000,4.405,4.405,4.399,4.4,1169.9
334,334,1694842440000,4.4,4.403,4.397,4.397,2293.3
335,335,1694842500000,4.397,4.397,4.393,4.396,2448.3
336,336,1694842560000,4.397,4.397,4.392,4.394,849.0
337,337,1694842620000,4.394,4.397,4.393,4.395,221.3
338,338,1694842680000,4.395,4.395,4.393,4.395,353.4
339,339,1694842740000,4.396,4.398,4.393,4.393,578.1
340,340,1694842800000,4.393,4.393,4.385,4.387,2611.9
341,341,1694842860000,4.386,4.39,4.382,4.388,2534.7
342,342,1694842920000,4.391,4.398,4.391,4.398,1633.7
343,343,1694842980000,4.398,4.398,4.397,4.397,1370.2
344,344,1694843040000,4.397,4.398,4.397,4.398,702.2
345,345,1694843100000,4.398,4.407,4.394,4.402,6832.9
346,346,1694843160000,4.404,4.405,4.403,4.405,765.3
347,347,1694843220000,4.404,4.405,4.403,4.405,1047.3
348,348,1694843280000,4.406,4.408,4.405,4.407,1219.4
349,349,1694843340000,4.407,4.411,4.403,4.411,1433.6
350,350,1694843400000,4.411,4.416,4.411,4.415,1913.1
351,351,1694843460000,4.415,4.417,4.411,4.413,1638.4
352,352,1694843520000,4.415,4.419,4.413,4.417,2005.1
353,353,1694843580000,4.418,4.419,4.417,4.419,356.9
354,354,1694843640000,4.419,4.422,4.418,4.421,2171.1
355,355,1694843700000,4.422,4.428,4.422,4.425,4604.0
356,356,1694843760000,4.426,4.428,4.425,4.426,622.5
357,357,1694843820000,4.426,4.426,4.425,4.426,55.1
358,358,1694843880000,4.427,4.429,4.426,4.428,1184.9
359,359,1694843940000,4.428,4.428,4.425,4.426,2562.8
360,360,1694844000000,4.426,4.431,4.426,4.43,4081.2
361,361,1694844060000,4.43,4.431,4.423,4.424,2723.1
362,362,1694844120000,4.424,4.429,4.422,4.429,1147.1
363,363,1694844180000,4.429,4.43,4.428,4.429,1457.0
364,364,1694844240000,4.43,4.436,4.429,4.435,12308.1
365,365,1694844300000,4.436,4.438,4.436,4.436,4228.8
366,366,1694844360000,4.436,4.44,4.436,4.439,1386.9
367,367,1694844420000,4.439,4.444,4.438,4.443,2967.7
368,368,1694844480000,4.443,4.448,4.443,4.447,1338.5
369,369,1694844540000,4.448,4.455,4.448,4.451,6545.4
370,370,1694844600000,4.451,4.452,4.45,4.45,1711.7
371,371,1694844660000,4.45,4.45,4.436,4.439,3908.9
372,372,1694844720000,4.44,4.442,4.437,4.438,2505.7
373,373,1694844780000,4.44,4.443,4.44,4.44,677.7
374,374,1694844840000,4.439,4.443,4.433,4.433,1657.2
375,375,1694844900000,4.434,4.436,4.434,4.435,670.0
376,376,1694844960000,4.436,4.446,4.435,4.444,2016.1
377,377,1694845020000,4.444,4.445,4.444,4.445,256.2
378,378,1694845080000,4.445,4.446,4.445,4.445,622.4
379,379,1694845140000,4.445,4.447,4.439,4.44,2968.5
380,380,1694845200000,4.44,4.441,4.44,4.441,72.0
381,381,1694845260000,4.44,4.442,4.436,4.442,1482.3
382,382,1694845320000,4.442,4.442,4.434,4.434,1256.0
383,383,1694845380000,4.433,4.433,4.424,4.426,2174.1
384,384,1694845440000,4.426,4.43,4.421,4.428,3216.5
385,385,1694845500000,4.427,4.435,4.426,4.434,2385.5
386,386,1694845560000,4.434,4.437,4.433,4.436,2263.0
387,387,1694845620000,4.437,4.44,4.434,4.435,2333.8
388,388,1694845680000,4.434,4.442,4.434,4.44,1248.3
389,389,1694845740000,4.441,4.442,4.438,4.438,1293.9
390,390,1694845800000,4.438,4.438,4.428,4.437,2680.0
391,391,1694845860000,4.436,4.436,4.429,4.432,2999.3
392,392,1694845920000,4.435,4.437,4.435,4.436,1518.1
393,393,1694845980000,4.437,4.443,4.437,4.442,1985.6
394,394,1694846040000,4.442,4.442,4.433,4.434,2214.5
395,395,1694846100000,4.436,4.44,4.435,4.437,5136.9
396,396,1694846160000,4.437,4.437,4.433,4.437,1514.5
397,397,1694846220000,4.437,4.442,4.437,4.439,2048.8
398,398,1694846280000,4.44,4.441,4.437,4.439,1057.4
399,399,1694846340000,4.438,4.438,4.431,4.432,1677.9
400,400,1694846400000,4.433,4.438,4.433,4.435,1663.8
401,401,1694846460000,4.435,4.44,4.434,4.438,1236.8
402,402,1694846520000,4.438,4.441,4.438,4.44,199.3
403,403,1694846580000,4.44,4.441,4.434,4.434,1025.9
404,404,1694846640000,4.434,4.439,4.433,4.435,1863.1
405,405,1694846700000,4.435,4.44,4.434,4.437,1603.6
406,406,1694846760000,4.437,4.442,4.426,4.428,10038.5
407,407,1694846820000,4.429,4.432,4.425,4.428,2385.6
408,408,1694846880000,4.426,4.43,4.425,4.43,1377.9
409,409,1694846940000,4.43,4.431,4.418,4.418,3683.6
410,410,1694847000000,4.418,4.419,4.409,4.411,4388.4
411,411,1694847060000,4.411,4.418,4.41,4.418,1798.1
412,412,1694847120000,4.419,4.42,4.416,4.416,2374.1
413,413,1694847180000,4.416,4.42,4.414,4.419,1323.1
414,414,1694847240000,4.42,4.424,4.418,4.421,1368.5
415,415,1694847300000,4.421,4.424,4.418,4.422,1829.1
416,416,1694847360000,4.42,4.42,4.414,4.42,1124.4
417,417,1694847420000,4.42,4.42,4.417,4.417,3445.8
418,418,1694847480000,4.418,4.423,4.418,4.42,3505.8
419,419,1694847540000,4.42,4.424,4.42,4.424,646.4
420,420,1694847600000,4.425,4.425,4.42,4.42,1542.2
421,421,1694847660000,4.421,4.425,4.42,4.423,1749.7
422,422,1694847720000,4.424,4.426,4.423,4.424,942.1
423,423,1694847780000,4.424,4.426,4.423,4.423,898.4
424,424,1694847840000,4.423,4.423,4.421,4.423,1422.0
425,425,1694847900000,4.423,4.423,4.419,4.419,2790.3
426,426,1694847960000,4.42,4.421,4.419,4.421,652.7
427,427,1694848020000,4.421,4.421,4.419,4.42,1877.4
428,428,1694848080000,4.42,4.425,4.42,4.425,1176.1
429,429,1694848140000,4.425,4.425,4.42,4.421,1718.9
430,430,1694848200000,4.421,4.422,4.421,4.421,492.0
431,431,1694848260000,4.421,4.421,4.42,4.42,841.2
432,432,1694848320000,4.421,4.421,4.416,4.416,1169.8
433,433,1694848380000,4.415,4.415,4.415,4.415,16.9
434,434,1694848440000,4.415,4.417,4.415,4.416,927.4
435,435,1694848500000,4.416,4.417,4.416,4.416,754.6
436,436,1694848560000,4.416,4.417,4.416,4.417,271.2
437,437,1694848620000,4.418,4.418,4.416,4.417,581.7
438,438,1694848680000,4.417,4.419,4.417,4.418,831.4
439,439,1694848740000,4.418,4.419,4.415,4.415,243.4
440,440,1694848800000,4.416,4.419,4.416,4.417,1645.6
441,441,1694848860000,4.417,4.417,4.41,4.412,1371.8
442,442,1694848920000,4.412,4.413,4.411,4.412,307.6
443,443,1694848980000,4.413,4.416,4.411,4.411,1556.5
444,444,1694849040000,4.414,4.414,4.412,4.413,578.6
445,445,1694849100000,4.415,4.416,4.411,4.413,1147.2
446,446,1694849160000,4.413,4.416,4.412,4.415,815.5
447,447,1694849220000,4.416,4.417,4.415,4.417,592.7
448,448,1694849280000,4.417,4.424,4.417,4.42,2849.5
449,449,1694849340000,4.42,4.42,4.417,4.42,1224.2
450,450,1694849400000,4.42,4.424,4.415,4.415,2667.8
451,451,1694849460000,4.418,4.419,4.417,4.419,952.0
452,452,1694849520000,4.42,4.423,4.419,4.42,572.1
453,453,1694849580000,4.42,4.424,4.42,4.423,636.3
454,454,1694849640000,4.42,4.421,4.419,4.42,388.9
455,455,1694849700000,4.421,4.423,4.421,4.423,347.2
456,456,1694849760000,4.423,4.423,4.418,4.419,636.2
457,457,1694849820000,4.417,4.419,4.417,4.417,281.0
458,458,1694849880000,4.417,4.417,4.407,4.415,5887.4
459,459,1694849940000,4.416,4.424,4.416,4.42,3527.1
460,460,1694850000000,4.422,4.422,4.417,4.422,680.0
461,461,1694850060000,4.422,4.426,4.422,4.423,1464.6
462,462,1694850120000,4.423,4.428,4.423,4.425,1909.8
463,463,1694850180000,4.426,4.427,4.425,4.425,997.2
464,464,1694850240000,4.425,4.426,4.42,4.42,7416.4
465,465,1694850300000,4.42,4.425,4.42,4.421,2290.1
466,466,1694850360000,4.422,4.43,4.422,4.43,3039.3
467,467,1694850420000,4.43,4.435,4.429,4.435,3731.2
468,468,1694850480000,4.434,4.441,4.433,4.441,3204.7
469,469,1694850540000,4.441,4.441,4.439,4.441,645.7
470,470,1694850600000,4.44,4.444,4.44,4.444,1609.6
471,471,1694850660000,4.444,4.444,4.434,4.435,5614.3
472,472,1694850720000,4.437,4.438,4.437,4.438,365.4
473,473,1694850780000,4.439,4.439,4.436,4.438,1446.4
474,474,1694850840000,4.438,4.442,4.438,4.442,460.7
475,475,1694850900000,4.441,4.444,4.441,4.443,2328.3
476,476,1694850960000,4.443,4.445,4.443,4.443,462.6
477,477,1694851020000,4.444,4.444,4.442,4.442,1049.0
478,478,1694851080000,4.442,4.442,4.44,4.44,1154.4
479,479,1694851140000,4.44,4.446,4.438,4.446,3381.6
480,480,1694851200000,4.447,4.447,4.44,4.444,3359.4
481,481,1694851260000,4.444,4.444,4.431,4.437,3688.0
482,482,1694851320000,4.437,4.44,4.436,4.44,402.2
483,483,1694851380000,4.441,4.447,4.44,4.447,2121.6
484,484,1694851440000,4.447,4.453,4.445,4.452,4328.0
485,485,1694851500000,4.452,4.453,4.449,4.451,3656.9
486,486,1694851560000,4.452,4.454,4.452,4.454,1690.6
487,487,1694851620000,4.453,4.454,4.449,4.449,1026.7
488,488,1694851680000,4.45,4.461,4.45,4.461,8531.5
489,489,1694851740000,4.46,4.467,4.454,4.467,3777.1
490,490,1694851800000,4.466,4.468,4.463,4.468,3258.6
491,491,1694851860000,4.467,4.468,4.46,4.46,1237.6
492,492,1694851920000,4.46,4.46,4.449,4.455,4490.8
493,493,1694851980000,4.455,4.461,4.454,4.458,3609.9
494,494,1694852040000,4.457,4.457,4.428,4.428,9702.0
495,495,1694852100000,4.427,4.439,4.425,4.437,6326.4
496,496,1694852160000,4.436,4.439,4.434,4.439,7402.8
497,497,1694852220000,4.441,4.444,4.438,4.442,2086.6
498,498,1694852280000,4.443,4.448,4.443,4.446,1835.4
499,499,1694852340000,4.447,4.447,4.439,4.44,2101.2
500,500,1694852400000,4.441,4.448,4.441,4.447,2387.5
501,501,1694852460000,4.444,4.444,4.44,4.441,724.9
502,502,1694852520000,4.44,4.44,4.423,4.434,5346.7
503,503,1694852580000,4.434,4.439,4.43,4.437,4705.7
504,504,1694852640000,4.437,4.438,4.43,4.431,2775.2
505,505,1694852700000,4.43,4.43,4.424,4.428,1166.0
506,506,1694852760000,4.428,4.436,4.427,4.433,2779.3
507,507,1694852820000,4.434,4.44,4.434,4.439,664.6
508,508,1694852880000,4.439,4.44,4.435,4.435,534.7
509,509,1694852940000,4.436,4.44,4.436,4.439,368.2
510,510,1694853000000,4.44,4.444,4.439,4.443,1193.4
511,511,1694853060000,4.444,4.455,4.444,4.454,3233.0
512,512,1694853120000,4.454,4.461,4.454,4.46,2319.0
513,513,1694853180000,4.461,4.462,4.457,4.458,1505.2
514,514,1694853240000,4.458,4.465,4.456,4.465,4054.9
515,515,1694853300000,4.466,4.469,4.461,4.469,4724.7
516,516,1694853360000,4.468,4.47,4.466,4.47,4756.9
517,517,1694853420000,4.471,4.474,4.47,4.474,3214.2
518,518,1694853480000,4.473,4.476,4.467,4.473,3777.3
519,519,1694853540000,4.473,4.475,4.471,4.475,1984.3
520,520,1694853600000,4.475,4.475,4.47,4.47,1840.3
521,521,1694853660000,4.47,4.47,4.46,4.462,1687.4
522,522,1694853720000,4.461,4.461,4.457,4.461,1448.3
523,523,1694853780000,4.46,4.461,4.46,4.461,80.9
524,524,1694853840000,4.461,4.461,4.456,4.456,664.7
525,525,1694853900000,4.455,4.46,4.454,4.459,4003.4
526,526,1694853960000,4.459,4.461,4.459,4.461,859.4
527,527,1694854020000,4.462,4.463,4.46,4.46,5533.9
528,528,1694854080000,4.461,4.462,4.461,4.461,267.7
529,529,1694854140000,4.46,4.461,4.459,4.461,1250.4
530,530,1694854200000,4.461,4.461,4.443,4.446,6311.3
531,531,1694854260000,4.447,4.451,4.444,4.449,2773.8
532,532,1694854320000,4.449,4.449,4.441,4.441,1998.1
533,533,1694854380000,4.441,4.442,4.44,4.442,1482.7
534,534,1694854440000,4.442,4.442,4.438,4.438,1569.9
535,535,1694854500000,4.438,4.44,4.431,4.431,1660.8
536,536,1694854560000,4.43,4.43,4.425,4.426,6523.5
537,537,1694854620000,4.427,4.428,4.425,4.425,1877.5
538,538,1694854680000,4.426,4.426,4.422,4.424,1278.8
539,539,1694854740000,4.423,4.427,4.423,4.424,1315.3
540,540,1694854800000,4.425,4.427,4.421,4.424,4719.9
541,541,1694854860000,4.424,4.425,4.42,4.423,3476.4
542,542,1694854920000,4.423,4.425,4.422,4.425,2881.6
543,543,1694854980000,4.425,4.426,4.422,4.426,1133.4
544,544,1694855040000,4.426,4.429,4.425,4.427,1061.2
545,545,1694855100000,4.427,4.436,4.425,4.435,1827.9
546,546,1694855160000,4.434,4.436,4.433,4.435,4451.1
547,547,1694855220000,4.435,4.438,4.435,4.436,532.4
548,548,1694855280000,4.437,4.44,4.436,4.44,1011.5
549,549,1694855340000,4.439,4.441,4.439,4.441,1117.0
550,550,1694855400000,4.441,4.441,4.436,4.441,3071.1
551,551,1694855460000,4.441,4.443,4.441,4.442,1597.8
552,552,1694855520000,4.441,4.442,4.434,4.435,1830.8
553,553,1694855580000,4.435,4.436,4.435,4.436,210.4
554,554,1694855640000,4.437,4.437,4.425,4.43,7114.6
555,555,1694855700000,4.43,4.433,4.424,4.433,2621.5
556,556,1694855760000,4.433,4.436,4.43,4.432,2002.2
557,557,1694855820000,4.432,4.437,4.429,4.436,2246.6
558,558,1694855880000,4.436,4.436,4.429,4.43,1661.1
559,559,1694855940000,4.432,4.442,4.432,4.44,2602.1
560,560,1694856000000,4.439,4.439,4.436,4.438,292.4
561,561,1694856060000,4.439,4.439,4.438,4.439,156.2
562,562,1694856120000,4.438,4.439,4.434,4.439,1106.8
563,563,1694856180000,4.438,4.44,4.438,4.44,285.0
564,564,1694856240000,4.44,4.44,4.433,4.437,2030.7
565,565,1694856300000,4.437,4.438,4.432,4.432,913.4
566,566,1694856360000,4.431,4.433,4.43,4.433,483.6
567,567,1694856420000,4.434,4.437,4.429,4.435,2112.8
568,568,1694856480000,4.435,4.436,4.435,4.436,531.8
569,569,1694856540000,4.436,4.438,4.436,4.438,476.3
570,570,1694856600000,4.439,4.439,4.434,4.435,1047.2
571,571,1694856660000,4.435,4.444,4.435,4.444,3290.8
572,572,1694856720000,4.443,4.45,4.441,4.448,2308.6
573,573,1694856780000,4.449,4.452,4.445,4.452,1271.3
574,574,1694856840000,4.451,4.451,4.449,4.45,719.0
575,575,1694856900000,4.45,4.451,4.449,4.45,504.1
576,576,1694856960000,4.45,4.45,4.45,4.45,6.4
577,577,1694857020000,4.451,4.461,4.451,4.457,3933.6
578,578,1694857080000,4.457,4.461,4.457,4.459,2011.0
579,579,1694857140000,4.459,4.463,4.459,4.461,1117.2
580,580,1694857200000,4.461,4.462,4.458,4.46,1616.3
581,581,1694857260000,4.46,4.462,4.458,4.458,1373.8
582,582,1694857320000,4.46,4.466,4.457,4.459,3220.8
583,583,1694857380000,4.46,4.464,4.46,4.462,957.7
584,584,1694857440000,4.461,4.464,4.46,4.461,547.4
585,585,1694857500000,4.462,4.463,4.461,4.463,137.9
586,586,1694857560000,4.463,4.463,4.462,4.463,1085.6
587,587,1694857620000,4.462,4.47,4.462,4.468,2781.2
588,588,1694857680000,4.469,4.47,4.463,4.464,1442.6
589,589,1694857740000,4.465,4.475,4.465,4.47,5716.7
590,590,1694857800000,4.469,4.469,4.463,4.465,2410.6
591,591,1694857860000,4.466,4.466,4.458,4.459,1114.5
592,592,1694857920000,4.459,4.461,4.459,4.459,378.9
593,593,1694857980000,4.459,4.459,4.456,4.457,1033.3
594,594,1694858040000,4.456,4.458,4.453,4.456,492.0
595,595,1694858100000,4.456,4.464,4.456,4.464,816.9
596,596,1694858160000,4.462,4.464,4.455,4.455,1659.8
597,597,1694858220000,4.456,4.461,4.456,4.46,447.5
598,598,1694858280000,4.459,4.459,4.435,4.438,6027.0
599,599,1694858340000,4.439,4.439,4.429,4.434,4907.1
600,600,1694858400000,4.433,4.434,4.425,4.432,8217.4
601,601,1694858460000,4.433,4.434,4.429,4.433,4972.6
602,602,1694858520000,4.434,4.442,4.433,4.437,4959.7
603,603,1694858580000,4.436,4.437,4.431,4.433,1575.9
604,604,1694858640000,4.433,4.435,4.428,4.435,3364.5
605,605,1694858700000,4.433,4.445,4.43,4.442,7369.4
606,606,1694858760000,4.442,4.446,4.436,4.437,3077.8
607,607,1694858820000,4.437,4.444,4.437,4.442,1471.0
608,608,1694858880000,4.443,4.445,4.442,4.445,1407.1
609,609,1694858940000,4.445,4.447,4.444,4.447,625.3
610,610,1694859000000,4.447,4.453,4.446,4.452,1717.6
611,611,1694859060000,4.454,4.454,4.452,4.454,145.4
612,612,1694859120000,4.452,4.457,4.449,4.45,2150.9
613,613,1694859180000,4.451,4.451,4.443,4.443,1952.7
614,614,1694859240000,4.446,4.448,4.444,4.447,804.1
615,615,1694859300000,4.448,4.448,4.444,4.447,1284.9
616,616,1694859360000,4.447,4.453,4.447,4.453,1843.8
617,617,1694859420000,4.451,4.454,4.45,4.454,1009.7
618,618,1694859480000,4.453,4.457,4.453,4.457,572.1
619,619,1694859540000,4.458,4.463,4.458,4.46,1158.0
620,620,1694859600000,4.46,4.46,4.455,4.455,357.5
621,621,1694859660000,4.455,4.456,4.446,4.447,1689.1
622,622,1694859720000,4.447,4.448,4.447,4.447,93.9
623,623,1694859780000,4.447,4.447,4.432,4.439,4829.5
624,624,1694859840000,4.438,4.442,4.433,4.44,1994.6
625,625,1694859900000,4.439,4.443,4.439,4.443,560.1
626,626,1694859960000,4.443,4.448,4.443,4.444,1964.5
627,627,1694860020000,4.445,4.448,4.445,4.447,954.6
628,628,1694860080000,4.446,4.449,4.445,4.446,884.0
629,629,1694860140000,4.448,4.45,4.447,4.449,208.2
630,630,1694860200000,4.449,4.455,4.447,4.455,702.5
631,631,1694860260000,4.453,4.454,4.45,4.45,697.4
632,632,1694860320000,4.452,4.455,4.452,4.452,1163.0
633,633,1694860380000,4.453,4.453,4.45,4.452,473.2
634,634,1694860440000,4.453,4.455,4.452,4.452,940.6
635,635,1694860500000,4.455,4.456,4.443,4.444,4345.1
636,636,1694860560000,4.446,4.451,4.446,4.451,150.6
637,637,1694860620000,4.452,4.453,4.452,4.453,458.9
638,638,1694860680000,4.454,4.459,4.454,4.459,1119.2
639,639,1694860740000,4.46,4.461,4.456,4.457,1047.3
640,640,1694860800000,4.458,4.462,4.457,4.46,1286.1
641,641,1694860860000,4.459,4.459,4.458,4.459,355.9
642,642,1694860920000,4.461,4.464,4.457,4.458,1039.8
643,643,1694860980000,4.46,4.462,4.459,4.459,2311.5
644,644,1694861040000,4.459,4.459,4.457,4.457,303.4
645,645,1694861100000,4.457,4.457,4.448,4.451,3345.6
646,646,1694861160000,4.451,4.451,4.443,4.446,2126.1
647,647,1694861220000,4.448,4.451,4.448,4.451,440.5
648,648,1694861280000,4.451,4.451,4.445,4.447,1425.2
649,649,1694861340000,4.448,4.451,4.448,4.449,731.8
650,650,1694861400000,4.45,4.456,4.449,4.449,1742.4
651,651,1694861460000,4.45,4.455,4.45,4.455,3232.4
652,652,1694861520000,4.455,4.456,4.45,4.45,1091.8
653,653,1694861580000,4.452,4.457,4.452,4.453,2125.6
654,654,1694861640000,4.454,4.455,4.453,4.453,199.7
655,655,1694861700000,4.453,4.453,4.451,4.452,196.3
656,656,1694861760000,4.453,4.453,4.451,4.452,690.2
657,657,1694861820000,4.454,4.454,4.452,4.452,251.7
658,658,1694861880000,4.453,4.46,4.453,4.456,1182.3
659,659,1694861940000,4.455,4.459,4.455,4.459,212.2
660,660,1694862000000,4.459,4.462,4.457,4.458,1292.8
661,661,1694862060000,4.459,4.462,4.457,4.457,5219.4
662,662,1694862120000,4.458,4.463,4.457,4.462,2171.7
663,663,1694862180000,4.464,4.468,4.461,4.461,1724.3
664,664,1694862240000,4.461,4.467,4.461,4.466,3569.8
665,665,1694862300000,4.467,4.468,4.462,4.466,2375.1
666,666,1694862360000,4.464,4.466,4.459,4.46,1909.8
667,667,1694862420000,4.458,4.459,4.454,4.459,2342.1
668,668,1694862480000,4.46,4.469,4.46,4.465,2672.2
669,669,1694862540000,4.463,4.471,4.463,4.47,3604.4
670,670,1694862600000,4.469,4.476,4.468,4.476,2890.5
671,671,1694862660000,4.476,4.476,4.475,4.476,501.4
672,672,1694862720000,4.475,4.475,4.465,4.468,4682.6
673,673,1694862780000,4.469,4.472,4.469,4.472,984.3
674,674,1694862840000,4.47,4.471,4.465,4.467,2355.7
675,675,1694862900000,4.467,4.472,4.463,4.463,4685.9
676,676,1694862960000,4.463,4.463,4.458,4.461,1712.3
677,677,1694863020000,4.462,4.465,4.461,4.461,1475.4
678,678,1694863080000,4.462,4.462,4.46,4.462,166.3
679,679,1694863140000,4.461,4.464,4.459,4.462,823.2
680,680,1694863200000,4.462,4.463,4.458,4.462,2395.1
681,681,1694863260000,4.46,4.463,4.46,4.461,917.0
682,682,1694863320000,4.46,4.463,4.459,4.463,455.4
683,683,1694863380000,4.464,4.467,4.46,4.461,1306.9
684,684,1694863440000,4.462,4.466,4.461,4.464,473.7
685,685,1694863500000,4.466,4.466,4.455,4.455,3348.7
686,686,1694863560000,4.455,4.458,4.453,4.458,1062.8
687,687,1694863620000,4.458,4.463,4.458,4.46,1507.1
688,688,1694863680000,4.46,4.462,4.449,4.452,6955.9
689,689,1694863740000,4.453,4.455,4.453,4.455,427.6
690,690,1694863800000,4.454,4.456,4.448,4.448,1297.3
691,691,1694863860000,4.448,4.45,4.445,4.445,1588.9
692,692,1694863920000,4.445,4.451,4.442,4.447,3830.4
693,693,1694863980000,4.448,4.45,4.448,4.448,1176.7
694,694,1694864040000,4.45,4.454,4.45,4.454,489.4
695,695,1694864100000,4.454,4.454,4.453,4.454,385.7
696,696,1694864160000,4.453,4.453,4.452,4.453,604.4
697,697,1694864220000,4.454,4.454,4.453,4.453,271.4
698,698,1694864280000,4.453,4.461,4.453,4.456,1812.5
699,699,1694864340000,4.458,4.458,4.454,4.454,473.5
700,700,1694864400000,4.455,4.458,4.452,4.456,2230.5
701,701,1694864460000,4.456,4.46,4.456,4.46,830.7
702,702,1694864520000,4.461,4.467,4.461,4.466,633.8
703,703,1694864580000,4.465,4.465,4.464,4.464,693.7
704,704,1694864640000,4.464,4.465,4.464,4.464,272.4
705,705,1694864700000,4.464,4.464,4.458,4.459,2157.1
706,706,1694864760000,4.459,4.463,4.459,4.459,1204.3
707,707,1694864820000,4.461,4.467,4.46,4.462,2915.3
708,708,1694864880000,4.464,4.464,4.461,4.462,1445.7
709,709,1694864940000,4.462,4.465,4.462,4.462,1114.7
710,710,1694865000000,4.462,4.462,4.459,4.459,242.8
711,711,1694865060000,4.46,4.46,4.458,4.458,401.4
712,712,1694865120000,4.458,4.458,4.455,4.457,836.7
713,713,1694865180000,4.457,4.457,4.447,4.449,1681.9
714,714,1694865240000,4.449,4.454,4.449,4.451,736.4
715,715,1694865300000,4.453,4.453,4.449,4.45,438.1
716,716,1694865360000,4.451,4.452,4.451,4.452,264.8
717,717,1694865420000,4.452,4.452,4.448,4.448,298.6
718,718,1694865480000,4.448,4.448,4.447,4.447,71.1
719,719,1694865540000,4.447,4.452,4.447,4.451,1245.1
720,720,1694865600000,4.45,4.455,4.447,4.452,4111.1
721,721,1694865660000,4.452,4.455,4.446,4.455,1086.2
722,722,1694865720000,4.454,4.458,4.452,4.452,1364.0
723,723,1694865780000,4.455,4.455,4.449,4.45,997.2
724,724,1694865840000,4.45,4.453,4.444,4.449,3745.9
725,725,1694865900000,4.45,4.454,4.45,4.45,1703.2
726,726,1694865960000,4.451,4.453,4.446,4.449,2441.4
727,727,1694866020000,4.45,4.452,4.447,4.451,1051.4
728,728,1694866080000,4.452,4.462,4.452,4.462,1122.5
729,729,1694866140000,4.462,4.465,4.461,4.465,1890.4
730,730,1694866200000,4.464,4.468,4.46,4.461,2946.1
731,731,1694866260000,4.461,4.464,4.459,4.462,1505.4
732,732,1694866320000,4.462,4.463,4.461,4.463,382.8
733,733,1694866380000,4.463,4.466,4.462,4.462,1713.7
734,734,1694866440000,4.465,4.467,4.464,4.467,1878.0
735,735,1694866500000,4.466,4.466,4.461,4.462,1692.0
736,736,1694866560000,4.462,4.462,4.449,4.449,2798.5
737,737,1694866620000,4.45,4.45,4.445,4.448,1335.4
738,738,1694866680000,4.447,4.447,4.446,4.446,459.8
739,739,1694866740000,4.447,4.451,4.447,4.449,758.9
740,740,1694866800000,4.448,4.457,4.448,4.454,2160.3
741,741,1694866860000,4.454,4.459,4.449,4.459,3070.3
742,742,1694866920000,4.457,4.458,4.455,4.458,955.8
743,743,1694866980000,4.459,4.464,4.459,4.463,512.1
744,744,1694867040000,4.463,4.463,4.453,4.453,881.1
745,745,1694867100000,4.453,4.453,4.444,4.45,1610.0
746,746,1694867160000,4.451,4.46,4.451,4.459,3435.6
747,747,1694867220000,4.459,4.461,4.456,4.458,4409.3
748,748,1694867280000,4.459,4.46,4.456,4.46,1612.9
749,749,1694867340000,4.46,4.461,4.458,4.461,275.7
750,750,1694867400000,4.462,4.462,4.461,4.462,663.8
751,751,1694867460000,4.462,4.462,4.456,4.458,1071.8
752,752,1694867520000,4.459,4.459,4.453,4.454,863.7
753,753,1694867580000,4.453,4.455,4.448,4.45,630.7
754,754,1694867640000,4.449,4.459,4.449,4.458,626.0
755,755,1694867700000,4.458,4.459,4.455,4.456,797.1
756,756,1694867760000,4.456,4.461,4.456,4.461,309.6
757,757,1694867820000,4.462,4.465,4.461,4.461,565.9
758,758,1694867880000,4.46,4.46,4.457,4.459,649.1
759,759,1694867940000,4.459,4.459,4.459,4.459,3.3
760,760,1694868000000,4.459,4.46,4.458,4.458,349.7
761,761,1694868060000,4.458,4.458,4.455,4.457,712.0
762,762,1694868120000,4.457,4.46,4.457,4.459,385.2
763,763,1694868180000,4.459,4.459,4.459,4.459,9.2
764,764,1694868240000,4.459,4.461,4.459,4.46,126.8
765,765,1694868300000,4.459,4.461,4.459,4.46,533.7
766,766,1694868360000,4.46,4.463,4.458,4.46,385.0
767,767,1694868420000,4.46,4.466,4.46,4.466,1056.6
768,768,1694868480000,4.465,4.467,4.461,4.465,461.9
769,769,1694868540000,4.465,4.465,4.456,4.459,1480.3
770,770,1694868600000,4.459,4.462,4.458,4.462,417.5
771,771,1694868660000,4.463,4.464,4.463,4.463,178.2
772,772,1694868720000,4.462,4.462,4.45,4.459,4129.4
773,773,1694868780000,4.459,4.459,4.454,4.454,647.1
774,774,1694868840000,4.453,4.454,4.449,4.449,650.0
775,775,1694868900000,4.448,4.454,4.448,4.454,364.0
776,776,1694868960000,4.452,4.452,4.449,4.449,472.0
777,777,1694869020000,4.449,4.449,4.444,4.449,985.1
778,778,1694869080000,4.449,4.453,4.449,4.449,944.8
779,779,1694869140000,4.449,4.453,4.449,4.452,319.4
780,780,1694869200000,4.451,4.454,4.45,4.451,1920.0
781,781,1694869260000,4.451,4.451,4.448,4.449,1928.7
782,782,1694869320000,4.449,4.457,4.449,4.453,2017.7
783,783,1694869380000,4.454,4.456,4.452,4.455,1333.6
784,784,1694869440000,4.455,4.458,4.454,4.458,1344.2
785,785,1694869500000,4.458,4.459,4.445,4.449,3132.7
786,786,1694869560000,4.453,4.453,4.452,4.453,419.7
787,787,1694869620000,4.452,4.453,4.451,4.452,677.4
788,788,1694869680000,4.452,4.454,4.451,4.453,592.4
789,789,1694869740000,4.454,4.454,4.452,4.453,1069.8
790,790,1694869800000,4.453,4.453,4.444,4.444,412.3
791,791,1694869860000,4.445,4.448,4.441,4.445,2920.1
792,792,1694869920000,4.444,4.444,4.438,4.441,1828.3
793,793,1694869980000,4.439,4.445,4.439,4.445,680.0
794,794,1694870040000,4.445,4.445,4.438,4.439,343.2
795,795,1694870100000,4.44,4.447,4.44,4.442,3462.2
796,796,1694870160000,4.444,4.445,4.44,4.442,1023.1
797,797,1694870220000,4.443,4.443,4.437,4.438,847.4
798,798,1694870280000,4.44,4.441,4.43,4.436,3794.9
799,799,1694870340000,4.434,4.434,4.428,4.428,1260.0
800,800,1694870400000,4.428,4.436,4.428,4.433,2192.8
801,801,1694870460000,4.433,4.436,4.42,4.422,5144.4
802,802,1694870520000,4.424,4.435,4.424,4.434,4547.4
803,803,1694870580000,4.435,4.435,4.425,4.43,2075.3
804,804,1694870640000,4.429,4.429,4.426,4.429,1016.9
805,805,1694870700000,4.431,4.431,4.428,4.431,735.6
806,806,1694870760000,4.432,4.435,4.431,4.432,752.9
807,807,1694870820000,4.433,4.433,4.429,4.43,401.1
808,808,1694870880000,4.429,4.431,4.424,4.427,2403.6
809,809,1694870940000,4.429,4.431,4.427,4.427,2024.7
810,810,1694871000000,4.427,4.43,4.427,4.429,1439.6
811,811,1694871060000,4.428,4.429,4.427,4.427,421.5
812,812,1694871120000,4.427,4.428,4.421,4.423,1420.5
813,813,1694871180000,4.424,4.429,4.415,4.42,4180.6
814,814,1694871240000,4.42,4.427,4.42,4.423,1425.3
815,815,1694871300000,4.425,4.429,4.421,4.428,1422.7
816,816,1694871360000,4.428,4.431,4.428,4.429,1503.4
817,817,1694871420000,4.429,4.429,4.429,4.429,8.0
818,818,1694871480000,4.429,4.429,4.421,4.425,1618.3
819,819,1694871540000,4.423,4.423,4.413,4.415,2996.5
820,820,1694871600000,4.413,4.415,4.401,4.41,9395.2
821,821,1694871660000,4.41,4.415,4.409,4.415,723.1
822,822,1694871720000,4.414,4.414,4.408,4.413,2158.6
823,823,1694871780000,4.412,4.415,4.403,4.406,6708.0
824,824,1694871840000,4.406,4.409,4.406,4.409,617.3
825,825,1694871900000,4.408,4.408,4.402,4.405,2707.3
826,826,1694871960000,4.406,4.411,4.404,4.41,2319.9
827,827,1694872020000,4.41,4.417,4.41,4.417,3579.2
828,828,1694872080000,4.413,4.415,4.41,4.415,1631.8
829,829,1694872140000,4.415,4.42,4.415,4.416,1357.8
830,830,1694872200000,4.417,4.421,4.417,4.421,930.0
831,831,1694872260000,4.421,4.421,4.419,4.419,267.4
832,832,1694872320000,4.419,4.421,4.419,4.421,410.5
833,833,1694872380000,4.421,4.427,4.419,4.422,3788.9
834,834,1694872440000,4.423,4.427,4.42,4.427,1461.6
835,835,1694872500000,4.421,4.423,4.421,4.423,565.7
836,836,1694872560000,4.423,4.424,4.419,4.419,859.9
837,837,1694872620000,4.42,4.423,4.42,4.423,336.2
838,838,1694872680000,4.423,4.423,4.42,4.42,191.1
839,839,1694872740000,4.421,4.427,4.421,4.424,2092.3
840,840,1694872800000,4.424,4.424,4.412,4.415,4089.9
841,841,1694872860000,4.413,4.416,4.413,4.416,961.5
842,842,1694872920000,4.416,4.42,4.415,4.417,3465.7
843,843,1694872980000,4.417,4.418,4.414,4.417,2888.7
844,844,1694873040000,4.417,4.419,4.416,4.417,961.8
845,845,1694873100000,4.416,4.417,4.413,4.416,4661.5
846,846,1694873160000,4.415,4.417,4.413,4.414,2262.0
847,847,1694873220000,4.414,4.415,4.414,4.415,33.9
848,848,1694873280000,4.415,4.416,4.414,4.415,1550.6
849,849,1694873340000,4.416,4.417,4.415,4.415,952.7
850,850,1694873400000,4.415,4.416,4.413,4.413,1771.1
851,851,1694873460000,4.414,4.414,4.413,4.413,343.9
852,852,1694873520000,4.413,4.416,4.413,4.416,1804.0
853,853,1694873580000,4.415,4.416,4.415,4.416,255.8
854,854,1694873640000,4.415,4.415,4.414,4.415,319.7
855,855,1694873700000,4.416,4.416,4.413,4.414,601.5
856,856,1694873760000,4.413,4.413,4.404,4.404,2634.5
857,857,1694873820000,4.403,4.406,4.402,4.406,1020.2
858,858,1694873880000,4.403,4.405,4.4,4.403,941.1
859,859,1694873940000,4.403,4.403,4.395,4.401,4251.9
860,860,1694874000000,4.401,4.402,4.39,4.401,5467.2
861,861,1694874060000,4.4,4.401,4.396,4.398,1038.3
862,862,1694874120000,4.399,4.401,4.397,4.397,921.5
863,863,1694874180000,4.399,4.401,4.391,4.392,5346.5
864,864,1694874240000,4.392,4.397,4.392,4.397,2844.7
865,865,1694874300000,4.397,4.397,4.394,4.396,1910.3
866,866,1694874360000,4.393,4.397,4.391,4.395,1283.2
867,867,1694874420000,4.395,4.395,4.393,4.393,151.4
868,868,1694874480000,4.394,4.398,4.392,4.395,1366.8
869,869,1694874540000,4.391,4.394,4.386,4.389,1772.6
870,870,1694874600000,4.388,4.388,4.382,4.385,2482.7
871,871,1694874660000,4.386,4.391,4.386,4.39,1708.6
872,872,1694874720000,4.39,4.393,4.39,4.393,542.6
873,873,1694874780000,4.393,4.393,4.389,4.391,1943.6
874,874,1694874840000,4.39,4.393,4.39,4.391,1076.4
875,875,1694874900000,4.391,4.398,4.391,4.398,2731.0
876,876,1694874960000,4.397,4.402,4.397,4.399,4498.7
877,877,1694875020000,4.399,4.409,4.399,4.405,2062.5
878,878,1694875080000,4.406,4.406,4.405,4.405,57.0
879,879,1694875140000,4.405,4.405,4.401,4.401,1085.4
880,880,1694875200000,4.4,4.4,4.388,4.39,2436.5
881,881,1694875260000,4.39,4.39,4.385,4.388,1351.4
882,882,1694875320000,4.387,4.391,4.387,4.391,653.9
883,883,1694875380000,4.39,4.391,4.385,4.388,581.6
884,884,1694875440000,4.389,4.39,4.376,4.379,4434.1
885,885,1694875500000,4.38,4.385,4.377,4.385,4083.3
886,886,1694875560000,4.384,4.384,4.376,4.378,1642.9
887,887,1694875620000,4.377,4.377,4.367,4.376,6155.5
888,888,1694875680000,4.375,4.383,4.372,4.381,2439.5
889,889,1694875740000,4.38,4.382,4.378,4.382,1551.8
890,890,1694875800000,4.381,4.383,4.381,4.381,912.9
891,891,1694875860000,4.382,4.382,4.376,4.38,1750.0
892,892,1694875920000,4.379,4.379,4.373,4.373,1536.1
893,893,1694875980000,4.375,4.381,4.372,4.38,1744.9
894,894,1694876040000,4.381,4.382,4.373,4.375,2396.7
895,895,1694876100000,4.375,4.376,4.365,4.366,2686.3
896,896,1694876160000,4.368,4.397,4.352,4.382,33310.4
897,897,1694876220000,4.382,4.386,4.379,4.383,5715.2
898,898,1694876280000,4.384,4.392,4.383,4.391,4862.3
899,899,1694876340000,4.391,4.395,4.391,4.395,1306.7
900,900,1694876400000,4.393,4.396,4.378,4.379,7211.4
901,901,1694876460000,4.377,4.38,4.371,4.375,8380.0
902,902,1694876520000,4.376,4.389,4.375,4.388,3740.5
903,903,1694876580000,4.388,4.389,4.383,4.387,1247.7
904,904,1694876640000,4.388,4.394,4.385,4.394,3504.5
905,905,1694876700000,4.393,4.397,4.392,4.394,4576.1
906,906,1694876760000,4.394,4.398,4.392,4.396,3236.0
907,907,1694876820000,4.396,4.396,4.391,4.393,1637.5
908,908,1694876880000,4.394,4.403,4.394,4.401,3262.9
909,909,1694876940000,4.399,4.399,4.39,4.39,1951.0
910,910,1694877000000,4.391,4.394,4.391,4.393,762.3
911,911,1694877060000,4.393,4.398,4.393,4.394,890.0
912,912,1694877120000,4.394,4.396,4.394,4.395,281.5
913,913,1694877180000,4.394,4.397,4.394,4.395,623.6
914,914,1694877240000,4.396,4.397,4.394,4.394,1059.9
915,915,1694877300000,4.394,4.394,4.391,4.391,629.4
916,916,1694877360000,4.391,4.391,4.38,4.38,7407.1
917,917,1694877420000,4.381,4.385,4.379,4.379,1659.1
918,918,1694877480000,4.381,4.383,4.376,4.383,2812.6
919,919,1694877540000,4.385,4.389,4.384,4.389,262.7
920,920,1694877600000,4.389,4.389,4.385,4.385,337.9
921,921,1694877660000,4.386,4.396,4.386,4.392,2097.2
922,922,1694877720000,4.392,4.396,4.391,4.396,778.8
923,923,1694877780000,4.396,4.396,4.394,4.394,239.3
924,924,1694877840000,4.393,4.396,4.393,4.395,423.0
925,925,1694877900000,4.395,4.395,4.392,4.392,1048.1
926,926,1694877960000,4.392,4.392,4.388,4.389,451.8
927,927,1694878020000,4.389,4.392,4.389,4.39,1112.3
928,928,1694878080000,4.39,4.391,4.39,4.39,261.2
929,929,1694878140000,4.389,4.392,4.389,4.391,772.1
930,930,1694878200000,4.392,4.392,4.39,4.391,275.1
931,931,1694878260000,4.39,4.39,4.39,4.39,48.0
932,932,1694878320000,4.391,4.393,4.388,4.388,1254.0
933,933,1694878380000,4.388,4.389,4.387,4.388,862.2
934,934,1694878440000,4.387,4.387,4.383,4.383,4003.0
935,935,1694878500000,4.382,4.385,4.382,4.384,931.4
936,936,1694878560000,4.385,4.387,4.383,4.383,972.0
937,937,1694878620000,4.383,4.385,4.383,4.383,137.5
938,938,1694878680000,4.384,4.386,4.383,4.386,529.4
939,939,1694878740000,4.385,4.386,4.383,4.383,820.3
940,940,1694878800000,4.384,4.385,4.382,4.385,440.6
941,941,1694878860000,4.385,4.385,4.385,4.385,0.0
942,942,1694878920000,4.385,4.385,4.382,4.382,737.3
943,943,1694878980000,4.383,4.386,4.383,4.386,1037.2
944,944,1694879040000,4.386,4.386,4.384,4.384,153.3
945,945,1694879100000,4.385,4.386,4.383,4.383,1373.4
946,946,1694879160000,4.384,4.384,4.383,4.383,276.1
947,947,1694879220000,4.383,4.387,4.383,4.387,441.3
948,948,1694879280000,4.387,4.391,4.387,4.39,1383.6
949,949,1694879340000,4.389,4.389,4.387,4.387,955.7
950,950,1694879400000,4.388,4.389,4.387,4.388,322.8
951,951,1694879460000,4.39,4.392,4.387,4.388,1060.2
952,952,1694879520000,4.388,4.389,4.388,4.389,59.2
953,953,1694879580000,4.389,4.389,4.384,4.386,1310.3
954,954,1694879640000,4.385,4.385,4.383,4.383,672.0
955,955,1694879700000,4.385,4.385,4.38,4.383,2869.9
956,956,1694879760000,4.383,4.383,4.379,4.382,1482.3
957,957,1694879820000,4.381,4.381,4.38,4.38,63.3
958,958,1694879880000,4.381,4.381,4.378,4.378,295.2
959,959,1694879940000,4.379,4.38,4.378,4.38,322.7
960,960,1694880000000,4.38,4.388,4.378,4.382,4240.4
961,961,1694880060000,4.382,4.384,4.378,4.378,2436.3
962,962,1694880120000,4.379,4.38,4.374,4.376,1715.7
963,963,1694880180000,4.378,4.383,4.376,4.381,1046.4
964,964,1694880240000,4.382,4.383,4.38,4.38,556.6
965,965,1694880300000,4.381,4.383,4.379,4.38,3514.6
966,966,1694880360000,4.381,4.389,4.38,4.389,2465.6
967,967,1694880420000,4.389,4.391,4.383,4.385,4451.7
968,968,1694880480000,4.384,4.386,4.384,4.385,537.8
969,969,1694880540000,4.386,4.389,4.386,4.389,561.7
970,970,1694880600000,4.389,4.392,4.388,4.392,440.2
971,971,1694880660000,4.393,4.393,4.392,4.392,1120.3
972,972,1694880720000,4.392,4.392,4.39,4.391,289.3
973,973,1694880780000,4.39,4.39,4.388,4.388,507.5
974,974,1694880840000,4.388,4.393,4.386,4.388,2510.9
975,975,1694880900000,4.387,4.388,4.386,4.388,174.4
976,976,1694880960000,4.39,4.391,4.388,4.388,333.1
977,977,1694881020000,4.387,4.388,4.386,4.386,1375.9
978,978,1694881080000,4.387,4.387,4.386,4.387,454.0
979,979,1694881140000,4.387,4.389,4.387,4.388,175.6
980,980,1694881200000,4.388,4.392,4.387,4.392,2434.5
981,981,1694881260000,4.392,4.392,4.389,4.391,2156.3
982,982,1694881320000,4.391,4.391,4.39,4.391,83.2
983,983,1694881380000,4.389,4.391,4.387,4.39,542.9
984,984,1694881440000,4.39,4.391,4.375,4.383,5322.0
985,985,1694881500000,4.382,4.384,4.381,4.381,524.8
986,986,1694881560000,4.38,4.38,4.375,4.375,241.3
987,987,1694881620000,4.374,4.377,4.373,4.375,820.4
988,988,1694881680000,4.375,4.377,4.373,4.377,581.2
989,989,1694881740000,4.377,4.377,4.375,4.375,42.3
990,990,1694881800000,4.375,4.377,4.374,4.375,189.0
991,991,1694881860000,4.377,4.377,4.376,4.376,124.5
992,992,1694881920000,4.377,4.383,4.377,4.38,1771.7
993,993,1694881980000,4.378,4.381,4.378,4.381,252.6
994,994,1694882040000,4.381,4.385,4.381,4.383,556.7
995,995,1694882100000,4.384,4.387,4.382,4.387,477.4
996,996,1694882160000,4.386,4.396,4.386,4.396,4327.2
997,997,1694882220000,4.395,4.396,4.393,4.395,1074.7
998,998,1694882280000,4.395,4.396,4.395,4.396,210.5
999,999,1694882340000,4.395,4.397,4.395,4.397,988.5
1000,1000,1694882400000,4.395,4.397,4.393,4.397,431.1
1001,1001,1694882460000,4.397,4.402,4.396,4.396,3276.8
1002,1002,1694882520000,4.396,4.396,4.392,4.395,463.2
1003,1003,1694882580000,4.394,4.395,4.391,4.393,1298.5
1004,1004,1694882640000,4.394,4.394,4.393,4.394,120.9
1005,1005,1694882700000,4.393,4.393,4.389,4.391,520.8
1006,1006,1694882760000,4.39,4.39,4.386,4.387,349.6
1007,1007,1694882820000,4.389,4.391,4.389,4.389,588.8
1008,1008,1694882880000,4.392,4.392,4.387,4.391,606.9
1009,1009,1694882940000,4.392,4.392,4.389,4.39,247.4
1010,1010,1694883000000,4.391,4.394,4.391,4.392,503.7
1011,1011,1694883060000,4.393,4.394,4.39,4.39,775.1
1012,1012,1694883120000,4.392,4.393,4.39,4.393,278.4
1013,1013,1694883180000,4.392,4.392,4.391,4.392,213.5
1014,1014,1694883240000,4.392,4.393,4.389,4.389,320.8
1015,1015,1694883300000,4.391,4.393,4.391,4.393,360.6
1016,1016,1694883360000,4.393,4.393,4.393,4.393,89.0
1017,1017,1694883420000,4.393,4.395,4.392,4.395,566.8
1018,1018,1694883480000,4.395,4.397,4.394,4.396,1177.2
1019,1019,1694883540000,4.396,4.397,4.393,4.395,526.4
1020,1020,1694883600000,4.393,4.396,4.389,4.394,1424.6
1021,1021,1694883660000,4.394,4.394,4.353,4.375,54900.8
1022,1022,1694883720000,4.374,4.374,4.37,4.37,2005.0
1023,1023,1694883780000,4.37,4.375,4.37,4.37,2720.1
1024,1024,1694883840000,4.372,4.374,4.371,4.372,815.8
1025,1025,1694883900000,4.369,4.373,4.363,4.366,5566.2
1026,1026,1694883960000,4.366,4.369,4.366,4.366,1539.9
1027,1027,1694884020000,4.365,4.365,4.362,4.362,927.1
1028,1028,1694884080000,4.362,4.362,4.361,4.361,45.1
1029,1029,1694884140000,4.361,4.362,4.361,4.362,515.3
1030,1030,1694884200000,4.362,4.367,4.362,4.362,2527.1
1031,1031,1694884260000,4.362,4.365,4.362,4.362,312.0
1032,1032,1694884320000,4.362,4.362,4.357,4.358,2340.6
1033,1033,1694884380000,4.357,4.358,4.356,4.358,761.5
1034,1034,1694884440000,4.357,4.357,4.355,4.355,433.9
1035,1035,1694884500000,4.355,4.363,4.355,4.361,2588.2
1036,1036,1694884560000,4.36,4.363,4.359,4.361,258.7
1037,1037,1694884620000,4.36,4.362,4.36,4.362,284.5
1038,1038,1694884680000,4.362,4.366,4.362,4.363,2356.9
1039,1039,1694884740000,4.363,4.37,4.362,4.365,2942.2
1040,1040,1694884800000,4.364,4.365,4.362,4.364,1666.6
1041,1041,1694884860000,4.363,4.364,4.363,4.364,4.1
1042,1042,1694884920000,4.363,4.367,4.363,4.364,1854.5
1043,1043,1694884980000,4.364,4.369,4.358,4.362,5772.5
1044,1044,1694885040000,4.361,4.361,4.361,4.361,556.6
1045,1045,1694885100000,4.361,4.362,4.361,4.362,316.3
1046,1046,1694885160000,4.362,4.363,4.359,4.359,794.9
1047,1047,1694885220000,4.36,4.361,4.357,4.361,1455.8
1048,1048,1694885280000,4.361,4.362,4.359,4.362,734.1
1049,1049,1694885340000,4.361,4.364,4.361,4.364,840.7
1050,1050,1694885400000,4.364,4.364,4.362,4.362,1335.5
1051,1051,1694885460000,4.362,4.365,4.361,4.364,1963.0
1052,1052,1694885520000,4.363,4.363,4.361,4.362,908.9
1053,1053,1694885580000,4.362,4.365,4.362,4.364,1392.0
1054,1054,1694885640000,4.364,4.364,4.358,4.358,1098.4
1055,1055,1694885700000,4.358,4.362,4.358,4.361,363.3
1056,1056,1694885760000,4.361,4.361,4.359,4.36,460.9
1057,1057,1694885820000,4.361,4.361,4.359,4.359,182.4
1058,1058,1694885880000,4.358,4.361,4.358,4.36,275.9
1059,1059,1694885940000,4.359,4.364,4.359,4.364,784.0
1060,1060,1694886000000,4.364,4.365,4.362,4.363,670.7
1061,1061,1694886060000,4.364,4.366,4.364,4.366,314.2
1062,1062,1694886120000,4.366,4.369,4.363,4.369,2377.2
1063,1063,1694886180000,4.37,4.377,4.368,4.37,2296.0
1064,1064,1694886240000,4.373,4.373,4.369,4.371,1097.6
1065,1065,1694886300000,4.37,4.371,4.37,4.371,476.7
1066,1066,1694886360000,4.372,4.375,4.372,4.375,300.1
1067,1067,1694886420000,4.375,4.377,4.372,4.372,1185.4
1068,1068,1694886480000,4.371,4.371,4.355,4.365,14709.2
1069,1069,1694886540000,4.367,4.367,4.365,4.365,1026.3
1070,1070,1694886600000,4.365,4.366,4.361,4.361,2079.7
1071,1071,1694886660000,4.363,4.366,4.363,4.366,1473.4
1072,1072,1694886720000,4.366,4.366,4.362,4.366,2063.2
1073,1073,1694886780000,4.365,4.369,4.365,4.369,1155.9
1074,1074,1694886840000,4.369,4.377,4.369,4.376,2100.3
1075,1075,1694886900000,4.377,4.378,4.373,4.375,2401.8
1076,1076,1694886960000,4.375,4.376,4.372,4.373,1018.5
1077,1077,1694887020000,4.375,4.375,4.372,4.372,469.0
1078,1078,1694887080000,4.371,4.371,4.369,4.37,708.1
1079,1079,1694887140000,4.37,4.372,4.37,4.372,375.7
1080,1080,1694887200000,4.373,4.377,4.373,4.374,2382.7
1081,1081,1694887260000,4.373,4.374,4.369,4.371,1005.3
1082,1082,1694887320000,4.371,4.371,4.367,4.368,2737.7
1083,1083,1694887380000,4.37,4.371,4.368,4.371,618.9
1084,1084,1694887440000,4.37,4.372,4.367,4.372,1231.0
1085,1085,1694887500000,4.371,4.372,4.37,4.371,671.3
1086,1086,1694887560000,4.37,4.372,4.37,4.37,676.3
1087,1087,1694887620000,4.37,4.37,4.369,4.369,366.6
1088,1088,1694887680000,4.369,4.37,4.363,4.363,1707.8
1089,1089,1694887740000,4.363,4.366,4.363,4.363,660.6
1090,1090,1694887800000,4.363,4.365,4.363,4.363,153.8
1091,1091,1694887860000,4.364,4.364,4.363,4.364,486.7
1092,1092,1694887920000,4.363,4.364,4.362,4.363,254.4
1093,1093,1694887980000,4.364,4.366,4.364,4.364,359.2
1094,1094,1694888040000,4.364,4.364,4.363,4.364,160.0
1095,1095,1694888100000,4.365,4.365,4.36,4.362,1554.2
1096,1096,1694888160000,4.362,4.363,4.355,4.356,750.0
1097,1097,1694888220000,4.356,4.363,4.356,4.363,637.4
1098,1098,1694888280000,4.361,4.362,4.361,4.362,132.9
1099,1099,1694888340000,4.361,4.361,4.357,4.358,345.8
1100,1100,1694888400000,4.356,4.358,4.356,4.356,130.9
1101,1101,1694888460000,4.356,4.358,4.356,4.357,450.8
1102,1102,1694888520000,4.358,4.362,4.358,4.362,1259.1
1103,1103,1694888580000,4.363,4.364,4.363,4.364,240.4
1104,1104,1694888640000,4.364,4.364,4.363,4.364,101.0
1105,1105,1694888700000,4.363,4.364,4.36,4.36,206.6
1106,1106,1694888760000,4.36,4.36,4.358,4.358,23.6
1107,1107,1694888820000,4.357,4.357,4.357,4.357,225.3
1108,1108,1694888880000,4.356,4.358,4.356,4.358,750.6
1109,1109,1694888940000,4.358,4.358,4.357,4.357,52.9
1110,1110,1694889000000,4.357,4.359,4.355,4.357,1296.5
1111,1111,1694889060000,4.356,4.356,4.353,4.353,959.0
1112,1112,1694889120000,4.352,4.357,4.352,4.357,593.2
1113,1113,1694889180000,4.358,4.361,4.357,4.361,125.1
1114,1114,1694889240000,4.359,4.36,4.355,4.355,1523.5
1115,1115,1694889300000,4.358,4.362,4.358,4.362,1105.9
1116,1116,1694889360000,4.362,4.366,4.362,4.366,1746.2
1117,1117,1694889420000,4.365,4.365,4.363,4.363,804.7
1118,1118,1694889480000,4.364,4.366,4.364,4.365,226.1
1119,1119,1694889540000,4.364,4.364,4.363,4.364,770.1
1120,1120,1694889600000,4.363,4.364,4.363,4.364,25.4
1121,1121,1694889660000,4.364,4.364,4.363,4.363,399.9
1122,1122,1694889720000,4.363,4.364,4.35,4.356,6420.4
1123,1123,1694889780000,4.357,4.362,4.356,4.362,2081.5
1124,1124,1694889840000,4.363,4.363,4.362,4.362,79.9
1125,1125,1694889900000,4.362,4.363,4.358,4.363,1976.5
1126,1126,1694889960000,4.363,4.365,4.363,4.365,1056.4
1127,1127,1694890020000,4.365,4.366,4.352,4.36,7314.2
1128,1128,1694890080000,4.361,4.361,4.361,4.361,5.5
1129,1129,1694890140000,4.361,4.361,4.359,4.36,195.1
1130,1130,1694890200000,4.36,4.364,4.36,4.364,742.1
1131,1131,1694890260000,4.363,4.364,4.362,4.364,614.2
1132,1132,1694890320000,4.361,4.362,4.361,4.362,199.9
1133,1133,1694890380000,4.362,4.364,4.362,4.363,371.5
1134,1134,1694890440000,4.364,4.364,4.363,4.363,139.1
1135,1135,1694890500000,4.362,4.363,4.359,4.36,1513.6
1136,1136,1694890560000,4.36,4.36,4.359,4.359,383.5
1137,1137,1694890620000,4.358,4.358,4.356,4.356,499.5
1138,1138,1694890680000,4.355,4.358,4.353,4.356,1596.1
1139,1139,1694890740000,4.354,4.359,4.348,4.357,5480.4
1140,1140,1694890800000,4.358,4.364,4.357,4.362,3245.3
1141,1141,1694890860000,4.362,4.362,4.352,4.354,2288.8
1142,1142,1694890920000,4.353,4.355,4.353,4.355,422.7
1143,1143,1694890980000,4.354,4.357,4.354,4.354,639.9
1144,1144,1694891040000,4.355,4.357,4.355,4.355,277.4
1145,1145,1694891100000,4.355,4.358,4.354,4.357,1136.4
1146,1146,1694891160000,4.357,4.357,4.353,4.354,2411.2
1147,1147,1694891220000,4.353,4.353,4.346,4.348,2106.8
1148,1148,1694891280000,4.348,4.348,4.345,4.346,1510.9
1149,1149,1694891340000,4.345,4.346,4.342,4.344,571.3
1150,1150,1694891400000,4.344,4.35,4.343,4.347,2682.8
1151,1151,1694891460000,4.348,4.348,4.342,4.344,2145.4
1152,1152,1694891520000,4.344,4.344,4.328,4.337,10189.7
1153,1153,1694891580000,4.336,4.339,4.336,4.339,973.4
1154,1154,1694891640000,4.338,4.339,4.338,4.339,281.7
1155,1155,1694891700000,4.34,4.343,4.332,4.341,4290.6
1156,1156,1694891760000,4.341,4.343,4.341,4.343,582.5
1157,1157,1694891820000,4.343,4.343,4.338,4.34,771.0
1158,1158,1694891880000,4.34,4.34,4.338,4.34,695.9
1159,1159,1694891940000,4.338,4.338,4.333,4.337,1131.6
1160,1160,1694892000000,4.336,4.338,4.335,4.335,842.5
1161,1161,1694892060000,4.336,4.338,4.335,4.338,546.4
1162,1162,1694892120000,4.338,4.338,4.333,4.335,589.9
1163,1163,1694892180000,4.335,4.338,4.335,4.337,804.9
1164,1164,1694892240000,4.337,4.337,4.337,4.337,3.5
1165,1165,1694892300000,4.336,4.336,4.335,4.335,357.7
1166,1166,1694892360000,4.336,4.337,4.335,4.337,800.8
1167,1167,1694892420000,4.338,4.338,4.336,4.338,309.1
1168,1168,1694892480000,4.337,4.339,4.337,4.338,782.2
1169,1169,1694892540000,4.339,4.34,4.338,4.34,94.0
1170,1170,1694892600000,4.339,4.341,4.336,4.34,897.7
1171,1171,1694892660000,4.34,4.34,4.338,4.339,302.5
1172,1172,1694892720000,4.339,4.34,4.339,4.34,451.7
1173,1173,1694892780000,4.34,4.341,4.34,4.341,265.6
1174,1174,1694892840000,4.341,4.341,4.339,4.339,168.2
1175,1175,1694892900000,4.339,4.341,4.339,4.341,342.1
1176,1176,1694892960000,4.341,4.343,4.34,4.341,1524.3
1177,1177,1694893020000,4.341,4.341,4.34,4.34,359.8
1178,1178,1694893080000,4.341,4.345,4.33,4.334,4250.5
1179,1179,1694893140000,4.334,4.335,4.333,4.335,1973.3
1180,1180,1694893200000,4.334,4.336,4.333,4.336,507.9
1181,1181,1694893260000,4.335,4.335,4.334,4.334,531.4
1182,1182,1694893320000,4.333,4.334,4.332,4.333,374.2
1183,1183,1694893380000,4.332,4.333,4.332,4.333,190.3
1184,1184,1694893440000,4.332,4.333,4.332,4.333,549.6
1185,1185,1694893500000,4.334,4.334,4.331,4.333,1011.1
1186,1186,1694893560000,4.333,4.335,4.333,4.335,1488.4
1187,1187,1694893620000,4.335,4.336,4.335,4.336,40.6
1188,1188,1694893680000,4.336,4.336,4.335,4.335,415.3
1189,1189,1694893740000,4.336,4.336,4.335,4.335,51.6
1190,1190,1694893800000,4.336,4.336,4.334,4.334,589.4
1191,1191,1694893860000,4.335,4.336,4.335,4.336,285.1
1192,1192,1694893920000,4.336,4.341,4.336,4.341,758.5
1193,1193,1694893980000,4.34,4.341,4.338,4.341,309.7
1194,1194,1694894040000,4.34,4.343,4.338,4.343,1201.5
1195,1195,1694894100000,4.343,4.344,4.34,4.34,1282.5
1196,1196,1694894160000,4.339,4.342,4.339,4.342,711.8
1197,1197,1694894220000,4.342,4.342,4.342,4.342,0.0
1198,1198,1694894280000,4.341,4.342,4.34,4.34,286.3
1199,1199,1694894340000,4.341,4.342,4.341,4.342,454.6
1200,1200,1694894400000,4.342,4.344,4.341,4.343,1395.1
1201,1201,1694894460000,4.343,4.352,4.343,4.349,3932.3
1202,1202,1694894520000,4.35,4.354,4.35,4.353,1473.9
1203,1203,1694894580000,4.354,4.358,4.354,4.358,1752.0
1204,1204,1694894640000,4.358,4.358,4.357,4.358,2401.4
1205,1205,1694894700000,4.359,4.361,4.358,4.361,1014.6
1206,1206,1694894760000,4.362,4.369,4.362,4.368,4007.5
1207,1207,1694894820000,4.369,4.374,4.369,4.374,1300.2
1208,1208,1694894880000,4.374,4.374,4.371,4.373,2672.9
1209,1209,1694894940000,4.374,4.376,4.374,4.376,1288.4
1210,1210,1694895000000,4.375,4.379,4.375,4.377,1574.0
1211,1211,1694895060000,4.376,4.379,4.376,4.377,2002.3
1212,1212,1694895120000,4.376,4.379,4.372,4.377,3332.1
1213,1213,1694895180000,4.377,4.377,4.375,4.376,244.1
1214,1214,1694895240000,4.375,4.377,4.372,4.373,704.7
1215,1215,1694895300000,4.372,4.372,4.37,4.371,582.3
1216,1216,1694895360000,4.371,4.374,4.37,4.374,607.7
1217,1217,1694895420000,4.374,4.375,4.373,4.375,220.9
1218,1218,1694895480000,4.374,4.375,4.374,4.375,80.0
1219,1219,1694895540000,4.375,4.376,4.375,4.376,1309.0
1220,1220,1694895600000,4.376,4.376,4.372,4.373,694.6
1221,1221,1694895660000,4.372,4.374,4.372,4.374,346.4
1222,1222,1694895720000,4.374,4.374,4.371,4.373,452.3
1223,1223,1694895780000,4.372,4.372,4.372,4.372,6.1
1224,1224,1694895840000,4.372,4.373,4.371,4.371,255.7
1225,1225,1694895900000,4.37,4.37,4.367,4.368,1331.2
1226,1226,1694895960000,4.369,4.369,4.369,4.369,279.2
1227,1227,1694896020000,4.369,4.369,4.367,4.367,163.2
1228,1228,1694896080000,4.368,4.371,4.368,4.37,331.6
1229,1229,1694896140000,4.369,4.375,4.369,4.375,162.7
1230,1230,1694896200000,4.375,4.383,4.372,4.381,4014.3
1231,1231,1694896260000,4.38,4.38,4.368,4.371,2964.8
1232,1232,1694896320000,4.371,4.372,4.37,4.37,295.0
1233,1233,1694896380000,4.371,4.373,4.37,4.373,621.3
1234,1234,1694896440000,4.372,4.372,4.371,4.371,328.1
1235,1235,1694896500000,4.373,4.373,4.37,4.372,825.3
1236,1236,1694896560000,4.372,4.372,4.368,4.368,1029.6
1237,1237,1694896620000,4.368,4.368,4.366,4.367,815.1
1238,1238,1694896680000,4.366,4.37,4.366,4.37,469.3
1239,1239,1694896740000,4.37,4.37,4.369,4.369,170.1
1240,1240,1694896800000,4.37,4.371,4.37,4.371,720.7
1241,1241,1694896860000,4.371,4.373,4.371,4.373,188.1
1242,1242,1694896920000,4.372,4.372,4.372,4.372,4.7
1243,1243,1694896980000,4.373,4.373,4.371,4.371,674.7
1244,1244,1694897040000,4.37,4.37,4.369,4.369,655.6
1245,1245,1694897100000,4.37,4.37,4.369,4.37,300.9
1246,1246,1694897160000,4.37,4.37,4.367,4.367,685.0
1247,1247,1694897220000,4.369,4.369,4.366,4.366,962.7
1248,1248,1694897280000,4.366,4.366,4.365,4.366,293.3
1249,1249,1694897340000,4.366,4.366,4.363,4.363,470.7
1250,1250,1694897400000,4.363,4.363,4.36,4.363,1409.9
1251,1251,1694897460000,4.363,4.363,4.358,4.359,1021.9
1252,1252,1694897520000,4.358,4.359,4.358,4.359,211.3
1253,1253,1694897580000,4.358,4.361,4.358,4.36,396.2
1254,1254,1694897640000,4.36,4.361,4.359,4.359,76.1
1255,1255,1694897700000,4.359,4.36,4.359,4.359,87.2
1256,1256,1694897760000,4.36,4.36,4.358,4.359,149.2
1257,1257,1694897820000,4.358,4.358,4.352,4.353,2768.5
1258,1258,1694897880000,4.354,4.354,4.351,4.352,490.9
1259,1259,1694897940000,4.353,4.357,4.353,4.357,266.8
1260,1260,1694898000000,4.357,4.361,4.354,4.361,2471.6
1261,1261,1694898060000,4.362,4.367,4.362,4.365,1972.2
1262,1262,1694898120000,4.365,4.365,4.362,4.362,850.3
1263,1263,1694898180000,4.363,4.364,4.363,4.364,774.5
1264,1264,1694898240000,4.364,4.364,4.363,4.363,111.2
1265,1265,1694898300000,4.364,4.364,4.36,4.36,1203.0
1266,1266,1694898360000,4.359,4.359,4.359,4.359,4.7
1267,1267,1694898420000,4.359,4.359,4.352,4.354,1847.0
1268,1268,1694898480000,4.355,4.355,4.354,4.355,251.3
1269,1269,1694898540000,4.354,4.354,4.354,4.354,4.7
1270,1270,1694898600000,4.354,4.354,4.352,4.353,307.5
1271,1271,1694898660000,4.352,4.353,4.352,4.353,280.9
1272,1272,1694898720000,4.353,4.354,4.351,4.354,1714.3
1273,1273,1694898780000,4.353,4.353,4.353,4.353,7.3
1274,1274,1694898840000,4.354,4.355,4.351,4.354,1020.9
1275,1275,1694898900000,4.353,4.353,4.352,4.353,352.0
1276,1276,1694898960000,4.355,4.356,4.355,4.356,322.5
1277,1277,1694899020000,4.356,4.356,4.355,4.356,32.2
1278,1278,1694899080000,4.356,4.364,4.356,4.363,2231.6
1279,1279,1694899140000,4.363,4.365,4.363,4.365,311.5
1280,1280,1694899200000,4.364,4.364,4.362,4.362,807.9
1281,1281,1694899260000,4.362,4.362,4.36,4.36,1011.3
1282,1282,1694899320000,4.361,4.362,4.36,4.361,658.0
1283,1283,1694899380000,4.36,4.364,4.36,4.363,520.2
1284,1284,1694899440000,4.364,4.367,4.364,4.367,236.7
1285,1285,1694899500000,4.367,4.375,4.367,4.375,2817.5
1286,1286,1694899560000,4.375,4.375,4.373,4.374,738.4
1287,1287,1694899620000,4.374,4.376,4.374,4.376,165.4
1288,1288,1694899680000,4.376,4.378,4.374,4.375,1236.8
1289,1289,1694899740000,4.376,4.38,4.371,4.371,3088.1
1290,1290,1694899800000,4.373,4.373,4.37,4.371,379.4
1291,1291,1694899860000,4.371,4.371,4.366,4.367,520.6
1292,1292,1694899920000,4.367,4.367,4.365,4.365,574.8
1293,1293,1694899980000,4.364,4.364,4.358,4.36,954.6
1294,1294,1694900040000,4.359,4.359,4.355,4.355,1303.9
1295,1295,1694900100000,4.355,4.355,4.354,4.355,255.0
1296,1296,1694900160000,4.355,4.355,4.354,4.354,6.1
1297,1297,1694900220000,4.355,4.363,4.355,4.363,4469.0
1298,1298,1694900280000,4.362,4.364,4.362,4.364,432.9
1299,1299,1694900340000,4.364,4.364,4.363,4.364,72.3
1300,1300,1694900400000,4.363,4.363,4.363,4.363,6.5
1301,1301,1694900460000,4.363,4.363,4.363,4.363,13.8
1302,1302,1694900520000,4.363,4.364,4.363,4.364,16.3
1303,1303,1694900580000,4.363,4.366,4.362,4.364,1093.9
1304,1304,1694900640000,4.364,4.364,4.364,4.364,61.2
1305,1305,1694900700000,4.364,4.364,4.363,4.364,156.6
1306,1306,1694900760000,4.364,4.364,4.363,4.363,235.0
1307,1307,1694900820000,4.363,4.363,4.362,4.362,609.2
1308,1308,1694900880000,4.362,4.362,4.358,4.361,1594.7
1309,1309,1694900940000,4.361,4.362,4.361,4.362,251.7
1310,1310,1694901000000,4.361,4.364,4.361,4.364,437.6
1311,1311,1694901060000,4.365,4.368,4.364,4.368,1390.0
1312,1312,1694901120000,4.369,4.373,4.369,4.372,935.7
1313,1313,1694901180000,4.373,4.374,4.373,4.374,248.0
1314,1314,1694901240000,4.374,4.374,4.374,4.374,4.7
1315,1315,1694901300000,4.374,4.375,4.374,4.374,371.0
1316,1316,1694901360000,4.374,4.377,4.374,4.377,880.4
1317,1317,1694901420000,4.377,4.383,4.377,4.383,3474.6
1318,1318,1694901480000,4.382,4.383,4.382,4.383,656.2
1319,1319,1694901540000,4.384,4.384,4.383,4.383,505.2
1320,1320,1694901600000,4.382,4.386,4.382,4.384,2164.3
1321,1321,1694901660000,4.384,4.384,4.377,4.378,2030.8
1322,1322,1694901720000,4.377,4.378,4.37,4.372,2723.6
1323,1323,1694901780000,4.372,4.372,4.369,4.369,422.5
1324,1324,1694901840000,4.37,4.37,4.369,4.369,345.7
1325,1325,1694901900000,4.369,4.369,4.367,4.367,535.1
1326,1326,1694901960000,4.367,4.368,4.36,4.36,2404.3
1327,1327,1694902020000,4.36,4.36,4.359,4.36,96.5
1328,1328,1694902080000,4.359,4.36,4.359,4.359,76.4
1329,1329,1694902140000,4.36,4.36,4.359,4.36,220.5
1330,1330,1694902200000,4.359,4.359,4.352,4.355,4029.1
1331,1331,1694902260000,4.355,4.355,4.354,4.354,76.5
1332,1332,1694902320000,4.355,4.36,4.355,4.359,1948.9
1333,1333,1694902380000,4.361,4.361,4.36,4.36,44.1
1334,1334,1694902440000,4.36,4.36,4.359,4.36,83.2
1335,1335,1694902500000,4.36,4.362,4.36,4.362,401.2
1336,1336,1694902560000,4.362,4.365,4.361,4.363,973.6
1337,1337,1694902620000,4.363,4.363,4.361,4.361,164.9
1338,1338,1694902680000,4.362,4.364,4.362,4.363,231.7
1339,1339,1694902740000,4.364,4.364,4.359,4.359,382.6
1340,1340,1694902800000,4.359,4.359,4.358,4.358,96.5
1341,1341,1694902860000,4.358,4.361,4.358,4.361,322.9
1342,1342,1694902920000,4.361,4.361,4.36,4.361,55.9
1343,1343,1694902980000,4.361,4.361,4.36,4.361,45.3
1344,1344,1694903040000,4.361,4.361,4.36,4.361,32.9
1345,1345,1694903100000,4.361,4.362,4.36,4.362,487.8
1346,1346,1694903160000,4.362,4.365,4.362,4.365,1275.2
1347,1347,1694903220000,4.364,4.367,4.364,4.367,666.1
1348,1348,1694903280000,4.366,4.367,4.366,4.367,504.3
1349,1349,1694903340000,4.367,4.368,4.366,4.367,1166.6
1350,1350,1694903400000,4.367,4.367,4.362,4.363,536.5
1351,1351,1694903460000,4.364,4.369,4.363,4.368,1056.1
1352,1352,1694903520000,4.368,4.374,4.366,4.368,4703.9
1353,1353,1694903580000,4.368,4.368,4.366,4.366,296.6
1354,1354,1694903640000,4.368,4.368,4.365,4.365,349.2
1355,1355,1694903700000,4.367,4.368,4.366,4.367,490.4
1356,1356,1694903760000,4.368,4.37,4.368,4.37,225.5
1357,1357,1694903820000,4.37,4.371,4.37,4.371,188.5
1358,1358,1694903880000,4.371,4.371,4.37,4.37,857.7
1359,1359,1694903940000,4.37,4.37,4.368,4.369,382.2
1360,1360,1694904000000,4.37,4.372,4.37,4.37,218.5
1361,1361,1694904060000,4.37,4.37,4.362,4.362,486.2
1362,1362,1694904120000,4.362,4.365,4.362,4.365,525.5
1363,1363,1694904180000,4.365,4.366,4.364,4.365,660.2
1364,1364,1694904240000,4.364,4.365,4.364,4.364,26.9
1365,1365,1694904300000,4.365,4.366,4.363,4.363,907.7
1366,1366,1694904360000,4.363,4.366,4.362,4.362,697.3
1367,1367,1694904420000,4.362,4.363,4.361,4.361,298.6
1368,1368,1694904480000,4.361,4.361,4.358,4.359,533.7
1369,1369,1694904540000,4.359,4.36,4.358,4.36,234.3
1370,1370,1694904600000,4.36,4.364,4.36,4.362,1002.3
1371,1371,1694904660000,4.363,4.363,4.352,4.355,3927.5
1372,1372,1694904720000,4.356,4.356,4.35,4.351,5498.5
1373,1373,1694904780000,4.352,4.362,4.352,4.362,1028.8
1374,1374,1694904840000,4.361,4.362,4.36,4.362,1002.5
1375,1375,1694904900000,4.362,4.363,4.358,4.361,799.5
1376,1376,1694904960000,4.361,4.363,4.359,4.359,180.9
1377,1377,1694905020000,4.359,4.36,4.358,4.358,77.6
1378,1378,1694905080000,4.359,4.361,4.359,4.361,113.8
1379,1379,1694905140000,4.359,4.362,4.359,4.36,80.2
1380,1380,1694905200000,4.361,4.366,4.361,4.364,1570.4
1381,1381,1694905260000,4.364,4.364,4.36,4.363,971.9
1382,1382,1694905320000,4.362,4.363,4.357,4.358,526.6
1383,1383,1694905380000,4.358,4.361,4.357,4.358,1517.3
1384,1384,1694905440000,4.357,4.358,4.357,4.358,394.8
1385,1385,1694905500000,4.359,4.361,4.358,4.359,1820.3
1386,1386,1694905560000,4.361,4.366,4.36,4.364,2288.3
1387,1387,1694905620000,4.365,4.369,4.365,4.369,1593.9
1388,1388,1694905680000,4.369,4.37,4.368,4.369,849.4
1389,1389,1694905740000,4.368,4.37,4.368,4.368,391.8
1390,1390,1694905800000,4.369,4.372,4.366,4.37,2553.2
1391,1391,1694905860000,4.371,4.371,4.36,4.363,2357.7
1392,1392,1694905920000,4.363,4.367,4.363,4.364,969.3
1393,1393,1694905980000,4.364,4.364,4.36,4.36,514.8
1394,1394,1694906040000,4.361,4.364,4.361,4.364,362.8
1395,1395,1694906100000,4.364,4.37,4.364,4.368,1926.9
1396,1396,1694906160000,4.368,4.368,4.363,4.363,1052.4
1397,1397,1694906220000,4.365,4.365,4.363,4.363,205.0
1398,1398,1694906280000,4.362,4.362,4.361,4.361,682.8
1399,1399,1694906340000,4.361,4.361,4.359,4.359,170.3
1400,1400,1694906400000,4.359,4.361,4.35,4.355,1721.9
1401,1401,1694906460000,4.355,4.358,4.355,4.358,380.8
1402,1402,1694906520000,4.358,4.36,4.357,4.358,756.3
1403,1403,1694906580000,4.36,4.36,4.359,4.36,458.8
1404,1404,1694906640000,4.361,4.363,4.361,4.362,976.7
1405,1405,1694906700000,4.361,4.361,4.358,4.36,499.2
1406,1406,1694906760000,4.361,4.361,4.359,4.36,87.8
1407,1407,1694906820000,4.359,4.359,4.358,4.358,59.5
1408,1408,1694906880000,4.358,4.362,4.357,4.361,393.4
1409,1409,1694906940000,4.361,4.362,4.36,4.362,473.6
1410,1410,1694907000000,4.361,4.363,4.359,4.359,587.7
1411,1411,1694907060000,4.357,4.359,4.357,4.359,198.0
1412,1412,1694907120000,4.358,4.359,4.354,4.359,1000.3
1413,1413,1694907180000,4.36,4.361,4.36,4.36,150.4
1414,1414,1694907240000,4.362,4.365,4.362,4.364,356.0
1415,1415,1694907300000,4.364,4.369,4.364,4.368,690.7
1416,1416,1694907360000,4.369,4.369,4.363,4.365,589.5
1417,1417,1694907420000,4.365,4.365,4.364,4.364,254.3
1418,1418,1694907480000,4.364,4.366,4.364,4.365,396.0
1419,1419,1694907540000,4.365,4.367,4.364,4.364,806.1
1420,1420,1694907600000,4.363,4.363,4.36,4.362,708.6
1421,1421,1694907660000,4.362,4.364,4.361,4.361,440.9
1422,1422,1694907720000,4.362,4.362,4.361,4.362,45.8
1423,1423,1694907780000,4.362,4.364,4.362,4.364,533.6
1424,1424,1694907840000,4.363,4.364,4.363,4.364,135.0
1425,1425,1694907900000,4.364,4.364,4.362,4.363,565.0
1426,1426,1694907960000,4.362,4.363,4.361,4.363,1352.7
1427,1427,1694908020000,4.363,4.365,4.361,4.365,1143.1
1428,1428,1694908080000,4.364,4.364,4.363,4.363,152.6
1429,1429,1694908140000,4.362,4.362,4.362,4.362,44.3
1430,1430,1694908200000,4.362,4.363,4.362,4.362,302.3
1431,1431,1694908260000,4.362,4.366,4.362,4.366,886.9
1432,1432,1694908320000,4.366,4.367,4.366,4.367,110.1
1433,1433,1694908380000,4.367,4.369,4.367,4.368,436.9
1434,1434,1694908440000,4.369,4.372,4.369,4.372,281.5
1435,1435,1694908500000,4.371,4.373,4.369,4.369,480.0
1436,1436,1694908560000,4.37,4.37,4.366,4.37,1879.2
1437,1437,1694908620000,4.369,4.371,4.366,4.366,640.7
1438,1438,1694908680000,4.367,4.372,4.367,4.37,546.2
1439,1439,1694908740000,4.369,4.373,4.365,4.37,2050.4
