,index,timestamp,open,high,low,close,volume
0,0,1694217600000,1.2379,1.2391,1.235,1.2353,66978
1,1,1694217660000,1.2358,1.2386,1.2352,1.2384,24216
2,2,1694217720000,1.2383,1.239,1.2354,1.2374,31381
3,3,1694217780000,1.2371,1.2371,1.2358,1.2365,16132
4,4,1694217840000,1.2365,1.2365,1.2353,1.2361,14431
5,5,1694217900000,1.236,1.2364,1.2351,1.2351,16317
6,6,1694217960000,1.2358,1.236,1.2341,1.2342,16603
7,7,1694218020000,1.2346,1.2357,1.234,1.235,28294
8,8,1694218080000,1.235,1.2354,1.2341,1.2343,4593
9,9,1694218140000,1.2343,1.2343,1.232,1.2335,15822
10,10,1694218200000,1.2334,1.2339,1.2315,1.2319,18499
11,11,1694218260000,1.2318,1.232,1.2283,1.2284,45598
12,12,1694218320000,1.2286,1.2287,1.227,1.2281,27299
13,13,1694218380000,1.2279,1.2283,1.2275,1.2276,13002
14,14,1694218440000,1.2276,1.2281,1.2223,1.223,91873
15,15,1694218500000,1.2233,1.2257,1.2233,1.2249,47438
16,16,1694218560000,1.2248,1.2268,1.2244,1.2268,35803
17,17,1694218620000,1.2268,1.2269,1.2252,1.2254,40641
18,18,1694218680000,1.2252,1.2252,1.2234,1.224,3600
19,19,1694218740000,1.2239,1.2245,1.2239,1.2244,4455
20,20,1694218800000,1.2243,1.2245,1.2224,1.2232,13818
21,21,1694218860000,1.2232,1.225,1.2229,1.2246,34849
22,22,1694218920000,1.2244,1.2248,1.2238,1.2245,7804
23,23,1694218980000,1.2246,1.2251,1.2236,1.2241,30993
24,24,1694219040000,1.2239,1.2244,1.2228,1.2231,8842
25,25,1694219100000,1.223,1.2231,1.2212,1.2229,42007
26,26,1694219160000,1.2229,1.224,1.2211,1.222,30425
27,27,1694219220000,1.2218,1.2224,1.2216,1.2224,8411
28,28,1694219280000,1.2221,1.2226,1.2212,1.2223,6789
29,29,1694219340000,1.2223,1.2234,1.2223,1.2232,7666
30,30,1694219400000,1.2233,1.224,1.2225,1.224,10738
31,31,1694219460000,1.224,1.2245,1.2239,1.2242,6114
32,32,1694219520000,1.2244,1.2247,1.2243,1.2245,2696
33,33,1694219580000,1.2244,1.225,1.2242,1.2247,7382
34,34,1694219640000,1.2248,1.2251,1.2241,1.2242,12419
35,35,1694219700000,1.2243,1.2244,1.2238,1.224,5503
36,36,1694219760000,1.2241,1.2241,1.2207,1.2213,24004
37,37,1694219820000,1.2212,1.2214,1.2204,1.2213,14090
38,38,1694219880000,1.2214,1.2215,1.2209,1.2209,3472
39,39,1694219940000,1.2209,1.2209,1.2195,1.2207,15033
40,40,1694220000000,1.2208,1.2211,1.2206,1.2206,6656
41,41,1694220060000,1.2207,1.2233,1.2207,1.2224,24448
42,42,1694220120000,1.2224,1.2235,1.2224,1.2234,4801
43,43,1694220180000,1.2232,1.2237,1.2232,1.2235,7165
44,44,1694220240000,1.2235,1.2239,1.2222,1.2224,5033
45,45,1694220300000,1.2222,1.2225,1.2213,1.2214,5297
46,46,1694220360000,1.2214,1.2217,1.2212,1.2212,3824
47,47,1694220420000,1.2212,1.2212,1.2204,1.2207,1458
48,48,1694220480000,1.2209,1.2216,1.2198,1.2213,14595
49,49,1694220540000,1.2212,1.2216,1.2212,1.2216,3263
50,50,1694220600000,1.2217,1.2218,1.2207,1.2212,3063
51,51,1694220660000,1.2212,1.2216,1.2212,1.2213,4395
52,52,1694220720000,1.2213,1.2213,1.2197,1.2205,4814
53,53,1694220780000,1.2204,1.221,1.2186,1.2191,20939
54,54,1694220840000,1.2191,1.2195,1.2183,1.2186,27502
55,55,1694220900000,1.2185,1.2189,1.2109,1.2122,201647
56,56,1694220960000,1.2124,1.218,1.2115,1.2153,118684
57,57,1694221020000,1.2152,1.216,1.2145,1.2147,13116
58,58,1694221080000,1.2148,1.2148,1.2136,1.2144,16374
59,59,1694221140000,1.214,1.2142,1.2136,1.2142,11333
60,60,1694221200000,1.2143,1.2156,1.2143,1.2156,10228
61,61,1694221260000,1.2155,1.2172,1.2155,1.2172,6989
62,62,1694221320000,1.2172,1.2173,1.2161,1.2166,4022
63,63,1694221380000,1.2167,1.2171,1.2157,1.2159,25340
64,64,1694221440000,1.2161,1.2168,1.2161,1.2168,6725
65,65,1694221500000,1.2168,1.2182,1.2168,1.2182,21465
66,66,1694221560000,1.2182,1.2187,1.218,1.2187,1556
67,67,1694221620000,1.2186,1.2213,1.2184,1.2209,50921
68,68,1694221680000,1.221,1.2214,1.2205,1.221,5120
69,69,1694221740000,1.2211,1.223,1.2211,1.223,6427
70,70,1694221800000,1.2229,1.2232,1.2218,1.2232,7887
71,71,1694221860000,1.2232,1.2237,1.2232,1.2237,10398
72,72,1694221920000,1.2237,1.2239,1.2231,1.2233,5929
73,73,1694221980000,1.2233,1.2233,1.2218,1.2219,5803
74,74,1694222040000,1.222,1.2224,1.2218,1.2224,1252
75,75,1694222100000,1.2223,1.2224,1.2189,1.2198,16649
76,76,1694222160000,1.2199,1.2202,1.2189,1.2199,13144
77,77,1694222220000,1.22,1.2207,1.2198,1.2202,2235
78,78,1694222280000,1.2202,1.2203,1.22,1.2201,2379
79,79,1694222340000,1.2199,1.2199,1.2183,1.2187,7622
80,80,1694222400000,1.2187,1.2189,1.2175,1.2175,11173
81,81,1694222460000,1.2177,1.2177,1.216,1.2168,14239
82,82,1694222520000,1.2167,1.2167,1.2158,1.2159,6081
83,83,1694222580000,1.2156,1.2164,1.2152,1.2153,8862
84,84,1694222640000,1.2153,1.2162,1.215,1.216,5579
85,85,1694222700000,1.216,1.2171,1.216,1.217,8959
86,86,1694222760000,1.2169,1.2187,1.2169,1.2176,12791
87,87,1694222820000,1.2174,1.2179,1.2173,1.2175,3506
88,88,1694222880000,1.2176,1.2176,1.217,1.2174,2298
89,89,1694222940000,1.2174,1.218,1.2174,1.2178,5001
90,90,1694223000000,1.2176,1.2179,1.2175,1.2177,1401
91,91,1694223060000,1.2179,1.2179,1.2176,1.2178,3046
92,92,1694223120000,1.2177,1.2181,1.2175,1.2176,5580
93,93,1694223180000,1.2175,1.2177,1.2175,1.2177,815
94,94,1694223240000,1.2177,1.2188,1.2177,1.2188,4251
95,95,1694223300000,1.2189,1.2189,1.218,1.2187,5385
96,96,1694223360000,1.2187,1.2188,1.2182,1.2187,3344
97,97,1694223420000,1.2184,1.2194,1.2184,1.2194,1578
98,98,1694223480000,1.2195,1.2196,1.2186,1.2191,4517
99,99,1694223540000,1.2191,1.2199,1.2191,1.2196,1915
100,100,1694223600000,1.2196,1.2209,1.2196,1.2202,8743
101,101,1694223660000,1.2202,1.221,1.2199,1.2199,5881
102,102,1694223720000,1.22,1.2214,1.22,1.2213,19927
103,103,1694223780000,1.2212,1.2212,1.2194,1.2196,9452
104,104,1694223840000,1.2196,1.2202,1.2196,1.2201,1102
105,105,1694223900000,1.2201,1.2203,1.2197,1.2197,9272
106,106,1694223960000,1.2196,1.2196,1.2181,1.2186,11440
107,107,1694224020000,1.2185,1.2186,1.218,1.2186,2641
108,108,1694224080000,1.219,1.2196,1.219,1.2196,2308
109,109,1694224140000,1.2196,1.2207,1.2195,1.2207,3166
110,110,1694224200000,1.2204,1.2209,1.2202,1.2204,1258
111,111,1694224260000,1.2204,1.2206,1.2204,1.2206,2671
112,112,1694224320000,1.2206,1.2209,1.2203,1.2208,1726
113,113,1694224380000,1.2209,1.2218,1.2209,1.2214,3285
114,114,1694224440000,1.2217,1.2222,1.2209,1.2211,38639
115,115,1694224500000,1.2211,1.2211,1.2205,1.2206,2392
116,116,1694224560000,1.2205,1.2205,1.2194,1.2196,6509
117,117,1694224620000,1.2194,1.22,1.2194,1.22,2706
118,118,1694224680000,1.2203,1.221,1.2203,1.221,2635
119,119,1694224740000,1.221,1.2213,1.2206,1.2212,2013
120,120,1694224800000,1.2212,1.2214,1.2205,1.2209,6514
121,121,1694224860000,1.2209,1.2222,1.2209,1.2222,10493
122,122,1694224920000,1.2222,1.2225,1.2203,1.2217,17775
123,123,1694224980000,1.2218,1.2218,1.2194,1.2202,11355
124,124,1694225040000,1.2201,1.2202,1.2193,1.2195,7495
125,125,1694225100000,1.2195,1.2195,1.2185,1.2188,7066
126,126,1694225160000,1.2189,1.2193,1.2188,1.2193,1477
127,127,1694225220000,1.2194,1.2203,1.2194,1.2203,2650
128,128,1694225280000,1.2204,1.2225,1.2204,1.2222,22006
129,129,1694225340000,1.2221,1.2221,1.2214,1.2214,5838
130,130,1694225400000,1.2211,1.2215,1.221,1.2214,3048
131,131,1694225460000,1.2212,1.2218,1.2212,1.2217,3409
132,132,1694225520000,1.2216,1.2219,1.2215,1.2219,889
133,133,1694225580000,1.2219,1.2224,1.2219,1.2223,3997
134,134,1694225640000,1.2221,1.2223,1.2221,1.2222,628
135,135,1694225700000,1.2222,1.2225,1.2214,1.2221,6843
136,136,1694225760000,1.222,1.222,1.2216,1.2218,2547
137,137,1694225820000,1.2217,1.2219,1.2215,1.2215,3147
138,138,1694225880000,1.2214,1.2214,1.2203,1.2203,7250
139,139,1694225940000,1.2202,1.2203,1.2202,1.2202,709
140,140,1694226000000,1.2201,1.2202,1.2193,1.2193,1957
141,141,1694226060000,1.2196,1.2196,1.2177,1.2178,31004
142,142,1694226120000,1.2181,1.2197,1.2181,1.2197,8784
143,143,1694226180000,1.2198,1.2198,1.2193,1.2193,1983
144,144,1694226240000,1.219,1.2195,1.219,1.2194,1363
145,145,1694226300000,1.2193,1.2195,1.2189,1.219,683
146,146,1694226360000,1.2191,1.22,1.2191,1.2196,3598
147,147,1694226420000,1.2192,1.2193,1.219,1.2191,1868
148,148,1694226480000,1.219,1.2192,1.2186,1.219,1471
149,149,1694226540000,1.2189,1.219,1.218,1.2185,2612
150,150,1694226600000,1.2183,1.2183,1.2169,1.2172,11961
151,151,1694226660000,1.2174,1.2176,1.2174,1.2176,1243
152,152,1694226720000,1.2175,1.2179,1.2175,1.2175,7785
153,153,1694226780000,1.2174,1.2174,1.2171,1.2171,936
154,154,1694226840000,1.2171,1.2174,1.2171,1.2174,3022
155,155,1694226900000,1.2175,1.2197,1.2175,1.2194,25845
156,156,1694226960000,1.2196,1.2197,1.2193,1.2193,2473
157,157,1694227020000,1.2193,1.2197,1.2193,1.2197,1276
158,158,1694227080000,1.2198,1.2207,1.2188,1.2207,22683
159,159,1694227140000,1.2207,1.2219,1.2207,1.2215,3905
160,160,1694227200000,1.2215,1.2225,1.2214,1.2225,5770
161,161,1694227260000,1.2227,1.2238,1.2227,1.2232,13329
162,162,1694227320000,1.2232,1.2236,1.2228,1.2228,6737
163,163,1694227380000,1.2227,1.2228,1.2208,1.2211,20586
164,164,1694227440000,1.2212,1.2214,1.2212,1.2213,1126
165,165,1694227500000,1.2213,1.2215,1.2212,1.2214,3189
166,166,1694227560000,1.2212,1.2215,1.2207,1.221,1495
167,167,1694227620000,1.2215,1.2221,1.2215,1.2221,2574
168,168,1694227680000,1.2221,1.2227,1.222,1.2227,1730
169,169,1694227740000,1.2228,1.2228,1.2223,1.2226,1740
170,170,1694227800000,1.2225,1.2226,1.2224,1.2226,915
171,171,1694227860000,1.2229,1.2233,1.2229,1.2233,4597
172,172,1694227920000,1.2233,1.2235,1.223,1.2232,2138
173,173,1694227980000,1.2232,1.2232,1.2224,1.2224,1097
174,174,1694228040000,1.2224,1.2224,1.2208,1.2209,23516
175,175,1694228100000,1.2209,1.2212,1.2208,1.2212,1530
176,176,1694228160000,1.2212,1.2212,1.2201,1.2207,7109
177,177,1694228220000,1.2208,1.2212,1.2208,1.2212,2152
178,178,1694228280000,1.2211,1.2211,1.2202,1.2209,7199
179,179,1694228340000,1.221,1.2225,1.2208,1.2221,12894
180,180,1694228400000,1.222,1.2221,1.2209,1.221,3505
181,181,1694228460000,1.2209,1.2223,1.2209,1.2221,5597
182,182,1694228520000,1.2221,1.2229,1.222,1.2229,1907
183,183,1694228580000,1.2229,1.224,1.2229,1.2236,6100
184,184,1694228640000,1.2235,1.2242,1.2235,1.2242,3614
185,185,1694228700000,1.2241,1.2248,1.2239,1.2247,5973
186,186,1694228760000,1.2247,1.2251,1.2247,1.225,4819
187,187,1694228820000,1.2251,1.2255,1.2249,1.2249,5171
188,188,1694228880000,1.2249,1.2249,1.2221,1.2226,13325
189,189,1694228940000,1.2225,1.2228,1.2218,1.2219,3029
190,190,1694229000000,1.2217,1.2218,1.2199,1.2202,5106
191,191,1694229060000,1.2202,1.2204,1.2197,1.2204,4106
192,192,1694229120000,1.2205,1.2207,1.2205,1.2206,1538
193,193,1694229180000,1.2204,1.2204,1.22,1.2202,1562
194,194,1694229240000,1.2204,1.2204,1.2189,1.2192,15492
195,195,1694229300000,1.2193,1.22,1.2192,1.2197,3939
196,196,1694229360000,1.2198,1.221,1.2195,1.2207,5873
197,197,1694229420000,1.2208,1.221,1.2204,1.2204,2512
198,198,1694229480000,1.2205,1.2208,1.2205,1.2207,1004
199,199,1694229540000,1.2208,1.221,1.2194,1.2197,4234
200,200,1694229600000,1.2196,1.2203,1.219,1.2203,3879
201,201,1694229660000,1.2201,1.2207,1.2191,1.2196,18303
202,202,1694229720000,1.2195,1.2212,1.2194,1.22,11513
203,203,1694229780000,1.2198,1.2204,1.2198,1.22,5171
204,204,1694229840000,1.2199,1.2207,1.2199,1.2202,5713
205,205,1694229900000,1.2203,1.2204,1.219,1.2191,4226
206,206,1694229960000,1.2192,1.2192,1.2187,1.2192,1925
207,207,1694230020000,1.2192,1.2198,1.2192,1.2197,3382
208,208,1694230080000,1.2196,1.2198,1.2195,1.2198,2495
209,209,1694230140000,1.2199,1.2199,1.2196,1.2196,866
210,210,1694230200000,1.2195,1.2205,1.2195,1.2205,2832
211,211,1694230260000,1.2205,1.2205,1.2203,1.2204,2008
212,212,1694230320000,1.2203,1.2203,1.2199,1.2202,1047
213,213,1694230380000,1.2201,1.2214,1.2201,1.2214,3585
214,214,1694230440000,1.2213,1.2216,1.2213,1.2216,1430
215,215,1694230500000,1.2215,1.2218,1.2201,1.2201,4758
216,216,1694230560000,1.2201,1.2221,1.2201,1.2219,3838
217,217,1694230620000,1.2222,1.2234,1.2222,1.2233,4535
218,218,1694230680000,1.2233,1.2234,1.2228,1.2231,2888
219,219,1694230740000,1.2228,1.2231,1.2226,1.2231,2751
220,220,1694230800000,1.2231,1.2231,1.2225,1.2225,996
221,221,1694230860000,1.2225,1.2238,1.2225,1.223,7506
222,222,1694230920000,1.2229,1.2229,1.2218,1.2218,4332
223,223,1694230980000,1.2217,1.2227,1.2217,1.2227,2394
224,224,1694231040000,1.2228,1.2234,1.2228,1.2233,3469
225,225,1694231100000,1.2233,1.2236,1.223,1.2236,2204
226,226,1694231160000,1.2235,1.2235,1.2231,1.2234,2604
227,227,1694231220000,1.2234,1.2236,1.223,1.223,1599
228,228,1694231280000,1.223,1.2231,1.2229,1.2229,1179
229,229,1694231340000,1.2229,1.223,1.2222,1.2222,1018
230,230,1694231400000,1.2222,1.2224,1.2217,1.2222,3797
231,231,1694231460000,1.2222,1.2226,1.2221,1.2223,4595
232,232,1694231520000,1.2223,1.2225,1.2214,1.2214,6300
233,233,1694231580000,1.2214,1.2221,1.2214,1.2221,3495
234,234,1694231640000,1.222,1.2225,1.222,1.2224,2102
235,235,1694231700000,1.2224,1.2228,1.2222,1.2227,4393
236,236,1694231760000,1.2226,1.223,1.2223,1.2229,3084
237,237,1694231820000,1.2229,1.2232,1.2227,1.2229,1226
238,238,1694231880000,1.2228,1.223,1.2228,1.223,539
239,239,1694231940000,1.2231,1.2231,1.2217,1.222,11497
240,240,1694232000000,1.2222,1.2225,1.2202,1.2215,14059
241,241,1694232060000,1.2215,1.2232,1.2213,1.2232,7489
242,242,1694232120000,1.2231,1.2231,1.2209,1.2213,7674
243,243,1694232180000,1.2214,1.2233,1.2214,1.2232,13806
244,244,1694232240000,1.2233,1.2235,1.2229,1.2233,5469
245,245,1694232300000,1.2233,1.2233,1.2215,1.2225,4246
246,246,1694232360000,1.2226,1.2236,1.2226,1.2232,7079
247,247,1694232420000,1.2231,1.2231,1.2208,1.2208,3476
248,248,1694232480000,1.2209,1.2212,1.2197,1.2198,6456
249,249,1694232540000,1.22,1.2201,1.2198,1.22,2373
250,250,1694232600000,1.2198,1.2201,1.2198,1.2201,4128
251,251,1694232660000,1.2201,1.2213,1.2201,1.2204,10768
252,252,1694232720000,1.2207,1.2207,1.2204,1.2204,3663
253,253,1694232780000,1.2204,1.2204,1.2201,1.2204,1955
254,254,1694232840000,1.2204,1.2204,1.2196,1.2199,3722
255,255,1694232900000,1.22,1.22,1.2187,1.2197,9843
256,256,1694232960000,1.2197,1.2206,1.2179,1.2205,47630
257,257,1694233020000,1.2205,1.2206,1.22,1.2201,2693
258,258,1694233080000,1.2199,1.2204,1.2195,1.2204,4017
259,259,1694233140000,1.2207,1.2214,1.2204,1.2213,1921
260,260,1694233200000,1.2211,1.2211,1.22,1.2202,2931
261,261,1694233260000,1.2202,1.221,1.2202,1.2209,3674
262,262,1694233320000,1.2209,1.2209,1.2207,1.2209,825
263,263,1694233380000,1.2209,1.2215,1.2209,1.2215,2861
264,264,1694233440000,1.2215,1.2224,1.2215,1.222,3128
265,265,1694233500000,1.222,1.2221,1.2218,1.2218,2398
266,266,1694233560000,1.2219,1.2222,1.2204,1.2222,22023
267,267,1694233620000,1.2223,1.2233,1.2223,1.2232,7470
268,268,1694233680000,1.2233,1.2233,1.2229,1.2232,6667
269,269,1694233740000,1.2232,1.2232,1.2225,1.2231,3546
270,270,1694233800000,1.223,1.2237,1.2226,1.223,7908
271,271,1694233860000,1.2231,1.2241,1.2231,1.2239,8133
272,272,1694233920000,1.2238,1.2242,1.2232,1.2232,5047
273,273,1694233980000,1.2232,1.2233,1.2224,1.2227,1758
274,274,1694234040000,1.2226,1.2247,1.2224,1.224,45254
275,275,1694234100000,1.2241,1.2245,1.223,1.223,3269
276,276,1694234160000,1.2231,1.2237,1.2231,1.2237,440
277,277,1694234220000,1.2234,1.2235,1.2231,1.2232,1858
278,278,1694234280000,1.2235,1.224,1.2224,1.2232,21196
279,279,1694234340000,1.2228,1.2228,1.2202,1.2214,47879
280,280,1694234400000,1.2214,1.2214,1.2205,1.2208,4778
281,281,1694234460000,1.221,1.2223,1.221,1.2223,10450
282,282,1694234520000,1.2224,1.224,1.2224,1.2238,25619
283,283,1694234580000,1.2237,1.224,1.2232,1.2238,4075
284,284,1694234640000,1.2237,1.2249,1.2228,1.2237,27452
285,285,1694234700000,1.2237,1.2243,1.2237,1.2243,3994
286,286,1694234760000,1.2243,1.225,1.2241,1.225,9493
287,287,1694234820000,1.2246,1.2247,1.2238,1.2241,4546
288,288,1694234880000,1.2241,1.2251,1.224,1.2251,7224
289,289,1694234940000,1.2251,1.226,1.2251,1.226,8427
290,290,1694235000000,1.2259,1.2268,1.2256,1.2268,5499
291,291,1694235060000,1.2269,1.227,1.2268,1.2269,1930
292,292,1694235120000,1.2268,1.2275,1.2266,1.2267,7403
293,293,1694235180000,1.2267,1.2267,1.2263,1.2264,7433
294,294,1694235240000,1.2265,1.2282,1.2265,1.2278,25305
295,295,1694235300000,1.2277,1.229,1.2277,1.2289,6385
296,296,1694235360000,1.2289,1.229,1.2285,1.229,1469
297,297,1694235420000,1.229,1.2299,1.229,1.2293,7881
298,298,1694235480000,1.229,1.229,1.2283,1.2284,9928
299,299,1694235540000,1.2284,1.2298,1.2284,1.2295,5131
300,300,1694235600000,1.2295,1.2301,1.2294,1.23,6683
301,301,1694235660000,1.2301,1.2305,1.2295,1.2304,4727
302,302,1694235720000,1.2304,1.231,1.229,1.2294,5734
303,303,1694235780000,1.2294,1.2296,1.229,1.2292,2833
304,304,1694235840000,1.229,1.2297,1.2287,1.2287,3620
305,305,1694235900000,1.2286,1.229,1.227,1.2285,12891
306,306,1694235960000,1.2285,1.2285,1.2273,1.2273,2601
307,307,1694236020000,1.2269,1.2271,1.2267,1.227,656
308,308,1694236080000,1.2272,1.2285,1.2272,1.2281,2743
309,309,1694236140000,1.2282,1.2282,1.2271,1.2275,8251
310,310,1694236200000,1.2276,1.229,1.2272,1.2289,2968
311,311,1694236260000,1.2288,1.2288,1.2268,1.2279,17691
312,312,1694236320000,1.2282,1.2284,1.2279,1.2282,3840
313,313,1694236380000,1.2283,1.2306,1.2283,1.2306,7560
314,314,1694236440000,1.2307,1.2318,1.2302,1.2314,28472
315,315,1694236500000,1.2314,1.2351,1.2313,1.235,30145
316,316,1694236560000,1.235,1.2357,1.2324,1.2325,23544
317,317,1694236620000,1.2325,1.233,1.2316,1.2317,15171
318,318,1694236680000,1.2316,1.2322,1.2316,1.2321,3033
319,319,1694236740000,1.2321,1.2321,1.2318,1.232,1885
320,320,1694236800000,1.232,1.2331,1.2316,1.2331,10568
321,321,1694236860000,1.2331,1.234,1.2326,1.234,15221
322,322,1694236920000,1.2339,1.2339,1.2314,1.2327,19481
323,323,1694236980000,1.2324,1.2324,1.2318,1.2318,5238
324,324,1694237040000,1.232,1.232,1.2313,1.2314,5459
325,325,1694237100000,1.2316,1.2325,1.2315,1.2325,1554
326,326,1694237160000,1.2329,1.2329,1.2325,1.2328,3981
327,327,1694237220000,1.2326,1.2327,1.2319,1.232,3407
328,328,1694237280000,1.2321,1.2323,1.2315,1.2315,8812
329,329,1694237340000,1.2316,1.2322,1.2315,1.2316,2740
330,330,1694237400000,1.2319,1.2341,1.2318,1.234,32185
331,331,1694237460000,1.2337,1.2345,1.2328,1.234,18834
332,332,1694237520000,1.234,1.2343,1.2338,1.2343,4084
333,333,1694237580000,1.2343,1.2359,1.2343,1.2347,31272
334,334,1694237640000,1.2347,1.2351,1.2341,1.2342,7954
335,335,1694237700000,1.2342,1.2351,1.2336,1.2351,6159
336,336,1694237760000,1.235,1.2353,1.2346,1.235,4983
337,337,1694237820000,1.2356,1.2365,1.2347,1.2355,5948
338,338,1694237880000,1.2352,1.2357,1.2331,1.2352,17631
339,339,1694237940000,1.2352,1.2354,1.2344,1.2346,8375
340,340,1694238000000,1.2346,1.235,1.2346,1.235,1632
341,341,1694238060000,1.235,1.235,1.2317,1.2324,15322
342,342,1694238120000,1.2324,1.2343,1.232,1.2343,13932
343,343,1694238180000,1.2345,1.2345,1.2329,1.2333,13955
344,344,1694238240000,1.2331,1.2331,1.2314,1.2325,7262
345,345,1694238300000,1.2324,1.233,1.2321,1.2325,4062
346,346,1694238360000,1.2325,1.2325,1.2313,1.2315,14038
347,347,1694238420000,1.2316,1.2324,1.2305,1.2306,24728
348,348,1694238480000,1.2307,1.2308,1.2287,1.2287,32468
349,349,1694238540000,1.2289,1.2303,1.2281,1.2297,20679
350,350,1694238600000,1.2299,1.231,1.2299,1.231,3137
351,351,1694238660000,1.2313,1.2313,1.2266,1.2272,20202
352,352,1694238720000,1.2272,1.2282,1.2268,1.2282,23272
353,353,1694238780000,1.2279,1.2279,1.224,1.2247,45070
354,354,1694238840000,1.2246,1.2257,1.2242,1.2242,6798
355,355,1694238900000,1.2239,1.2253,1.2232,1.2252,9425
356,356,1694238960000,1.2251,1.2253,1.2245,1.2246,3572
357,357,1694239020000,1.2249,1.2258,1.2248,1.225,8149
358,358,1694239080000,1.225,1.2259,1.225,1.2254,10089
359,359,1694239140000,1.2253,1.2266,1.2253,1.2255,9816
360,360,1694239200000,1.226,1.2289,1.2255,1.2286,47669
361,361,1694239260000,1.2286,1.2288,1.2267,1.228,15344
362,362,1694239320000,1.2283,1.2292,1.2279,1.2292,11146
363,363,1694239380000,1.2293,1.2317,1.2293,1.2315,20116
364,364,1694239440000,1.2315,1.2317,1.2307,1.231,9777
365,365,1694239500000,1.231,1.2332,1.2306,1.2332,30308
366,366,1694239560000,1.2329,1.2329,1.2313,1.2324,15481
367,367,1694239620000,1.2326,1.234,1.2326,1.234,12270
368,368,1694239680000,1.2339,1.2341,1.2321,1.2322,28823
369,369,1694239740000,1.2322,1.2324,1.2307,1.2308,9570
370,370,1694239800000,1.2309,1.2314,1.23,1.2304,16904
371,371,1694239860000,1.2301,1.2305,1.2296,1.2303,10179
372,372,1694239920000,1.2301,1.2307,1.2294,1.2301,9809
373,373,1694239980000,1.2303,1.2307,1.2289,1.2289,9830
374,374,1694240040000,1.229,1.2296,1.229,1.2296,3590
375,375,1694240100000,1.2297,1.2302,1.2296,1.2302,7314
376,376,1694240160000,1.2301,1.2336,1.2301,1.2334,17423
377,377,1694240220000,1.2333,1.2341,1.2325,1.2325,13012
378,378,1694240280000,1.2324,1.2333,1.2322,1.2333,1226
379,379,1694240340000,1.2333,1.2341,1.2329,1.2335,12596
380,380,1694240400000,1.2336,1.2336,1.2329,1.2331,3479
381,381,1694240460000,1.2331,1.2332,1.2322,1.2324,4311
382,382,1694240520000,1.2324,1.2332,1.2324,1.2332,3326
383,383,1694240580000,1.2331,1.2337,1.2319,1.2337,20374
384,384,1694240640000,1.2338,1.2343,1.2338,1.2338,4913
385,385,1694240700000,1.2341,1.2345,1.2337,1.234,6506
386,386,1694240760000,1.2339,1.235,1.2338,1.2346,14502
387,387,1694240820000,1.2344,1.2344,1.2327,1.2333,8410
388,388,1694240880000,1.233,1.2332,1.2321,1.2323,3004
389,389,1694240940000,1.2322,1.233,1.2317,1.2327,13203
390,390,1694241000000,1.2328,1.2328,1.2312,1.2313,6962
391,391,1694241060000,1.2316,1.2325,1.2315,1.2325,10264
392,392,1694241120000,1.2324,1.2328,1.2316,1.2327,11251
393,393,1694241180000,1.2327,1.2331,1.2323,1.2331,3231
394,394,1694241240000,1.2331,1.2345,1.2331,1.2345,11362
395,395,1694241300000,1.2347,1.235,1.2344,1.2347,5164
396,396,1694241360000,1.2347,1.235,1.2343,1.235,5307
397,397,1694241420000,1.235,1.2351,1.2344,1.2346,2615
398,398,1694241480000,1.2345,1.2347,1.2338,1.234,10275
399,399,1694241540000,1.2343,1.2347,1.2333,1.2333,3762
400,400,1694241600000,1.2334,1.235,1.2334,1.2349,17881
401,401,1694241660000,1.2349,1.2383,1.2349,1.2372,60908
402,402,1694241720000,1.2373,1.2378,1.2357,1.2357,20223
403,403,1694241780000,1.2356,1.237,1.2356,1.2368,4353
404,404,1694241840000,1.2366,1.2376,1.236,1.2376,8961
405,405,1694241900000,1.2375,1.2378,1.2368,1.2373,11345
406,406,1694241960000,1.2374,1.2374,1.2364,1.2367,12123
407,407,1694242020000,1.2367,1.2367,1.2359,1.2366,6317
408,408,1694242080000,1.2367,1.2368,1.2364,1.2367,2465
409,409,1694242140000,1.2367,1.2381,1.2367,1.238,5011
410,410,1694242200000,1.2379,1.2382,1.2374,1.2381,4772
411,411,1694242260000,1.238,1.2381,1.2372,1.2374,10888
412,412,1694242320000,1.2373,1.2381,1.2373,1.2381,2940
413,413,1694242380000,1.2381,1.2383,1.2373,1.2376,18459
414,414,1694242440000,1.2377,1.2381,1.2366,1.2374,5767
415,415,1694242500000,1.2373,1.2374,1.2363,1.2365,10094
416,416,1694242560000,1.2366,1.2372,1.2364,1.2368,3948
417,417,1694242620000,1.2366,1.2373,1.236,1.2373,7224
418,418,1694242680000,1.2373,1.238,1.2373,1.2377,2592
419,419,1694242740000,1.2377,1.2377,1.236,1.2367,11559
420,420,1694242800000,1.2369,1.2379,1.2366,1.2378,13250
421,421,1694242860000,1.2377,1.238,1.2373,1.238,7666
422,422,1694242920000,1.2379,1.2385,1.2376,1.2384,20502
423,423,1694242980000,1.2385,1.2389,1.2372,1.2388,24942
424,424,1694243040000,1.2388,1.239,1.2385,1.2385,10694
425,425,1694243100000,1.2387,1.2391,1.2382,1.2384,6110
426,426,1694243160000,1.2385,1.2386,1.2377,1.2384,14898
427,427,1694243220000,1.2384,1.2412,1.2383,1.2409,77965
428,428,1694243280000,1.2409,1.2432,1.2407,1.2431,55969
429,429,1694243340000,1.2431,1.2465,1.2431,1.2463,106615
430,430,1694243400000,1.246,1.246,1.243,1.2448,84329
431,431,1694243460000,1.2449,1.2476,1.2446,1.2473,37716
432,432,1694243520000,1.2472,1.25,1.2469,1.2499,96083
433,433,1694243580000,1.25,1.2535,1.2491,1.2524,177008
434,434,1694243640000,1.2522,1.2596,1.2522,1.2592,388825
435,435,1694243700000,1.2589,1.2591,1.2554,1.2576,150471
436,436,1694243760000,1.2576,1.2578,1.2554,1.2554,76706
437,437,1694243820000,1.2554,1.261,1.2554,1.2597,180959
438,438,1694243880000,1.2595,1.2603,1.2555,1.2572,88809
439,439,1694243940000,1.2574,1.2615,1.2555,1.2594,236407
440,440,1694244000000,1.2595,1.2607,1.258,1.2607,78302
441,441,1694244060000,1.2608,1.2624,1.259,1.2611,71440
442,442,1694244120000,1.2611,1.2633,1.2603,1.2626,65253
443,443,1694244180000,1.2626,1.2643,1.259,1.2597,151370
444,444,1694244240000,1.2595,1.2625,1.2559,1.262,175855
445,445,1694244300000,1.2621,1.2672,1.2608,1.266,211454
446,446,1694244360000,1.266,1.2678,1.2652,1.2673,176686
447,447,1694244420000,1.2673,1.2678,1.2624,1.263,88101
448,448,1694244480000,1.2631,1.2673,1.262,1.2667,104467
449,449,1694244540000,1.2662,1.2666,1.2633,1.2637,62663
450,450,1694244600000,1.2639,1.2639,1.2576,1.2583,131368
451,451,1694244660000,1.2584,1.2585,1.2542,1.2571,105110
452,452,1694244720000,1.257,1.257,1.2506,1.252,150127
453,453,1694244780000,1.2521,1.2537,1.2513,1.2516,45515
454,454,1694244840000,1.2514,1.2528,1.2487,1.2499,107499
455,455,1694244900000,1.2498,1.2528,1.2481,1.2513,132959
456,456,1694244960000,1.2511,1.2522,1.25,1.2513,56251
457,457,1694245020000,1.2515,1.254,1.25,1.254,74232
458,458,1694245080000,1.2543,1.2551,1.2538,1.2539,27260
459,459,1694245140000,1.2539,1.2548,1.2532,1.2546,17032
460,460,1694245200000,1.2547,1.2556,1.2542,1.2553,21785
461,461,1694245260000,1.2553,1.2564,1.254,1.254,30322
462,462,1694245320000,1.2543,1.2547,1.2533,1.2534,32273
463,463,1694245380000,1.2533,1.2536,1.2514,1.2514,20543
464,464,1694245440000,1.2514,1.252,1.2501,1.2508,35098
465,465,1694245500000,1.2506,1.2518,1.2502,1.2509,17145
466,466,1694245560000,1.251,1.2512,1.2506,1.2511,5110
467,467,1694245620000,1.2511,1.2514,1.2501,1.2514,21155
468,468,1694245680000,1.2513,1.2532,1.2513,1.2532,26827
469,469,1694245740000,1.2533,1.2548,1.2522,1.2524,22612
470,470,1694245800000,1.2524,1.2524,1.2514,1.2517,18937
471,471,1694245860000,1.252,1.2522,1.2513,1.2513,4631
472,472,1694245920000,1.2514,1.253,1.2501,1.2502,40047
473,473,1694245980000,1.2503,1.2503,1.2451,1.2466,156898
474,474,1694246040000,1.2466,1.2473,1.2427,1.2443,153774
475,475,1694246100000,1.244,1.2442,1.2401,1.2408,102583
476,476,1694246160000,1.2409,1.2428,1.2397,1.2426,74191
477,477,1694246220000,1.2422,1.2447,1.2422,1.2437,46629
478,478,1694246280000,1.2437,1.2439,1.2414,1.2421,56470
479,479,1694246340000,1.242,1.2504,1.242,1.2486,143176
480,480,1694246400000,1.2485,1.2489,1.2453,1.247,58300
481,481,1694246460000,1.2468,1.2473,1.2461,1.2469,18261
482,482,1694246520000,1.2469,1.2539,1.2467,1.2506,167902
483,483,1694246580000,1.2505,1.2518,1.2503,1.2512,34135
484,484,1694246640000,1.2513,1.2516,1.251,1.2512,9719
485,485,1694246700000,1.2512,1.2515,1.2502,1.2502,16946
486,486,1694246760000,1.2503,1.251,1.2502,1.251,4563
487,487,1694246820000,1.251,1.251,1.2502,1.2502,9996
488,488,1694246880000,1.2502,1.2502,1.2494,1.2494,13912
489,489,1694246940000,1.2495,1.2496,1.2488,1.249,4176
490,490,1694247000000,1.2489,1.2495,1.2486,1.2492,13901
491,491,1694247060000,1.2495,1.2498,1.2486,1.2486,8240
492,492,1694247120000,1.2486,1.2486,1.2475,1.2482,11633
493,493,1694247180000,1.248,1.248,1.2468,1.2469,12450
494,494,1694247240000,1.2469,1.2469,1.2456,1.2464,24164
495,495,1694247300000,1.2462,1.2467,1.2459,1.2463,6080
496,496,1694247360000,1.2464,1.2486,1.2464,1.2479,16006
497,497,1694247420000,1.2476,1.2477,1.247,1.2473,2215
498,498,1694247480000,1.2473,1.2479,1.247,1.2477,11338
499,499,1694247540000,1.2478,1.2482,1.247,1.2477,15862
500,500,1694247600000,1.2477,1.248,1.2476,1.2478,2770
501,501,1694247660000,1.2478,1.2479,1.2461,1.2465,10609
502,502,1694247720000,1.2466,1.2466,1.2452,1.2459,15980
503,503,1694247780000,1.2459,1.2464,1.2455,1.2455,7064
504,504,1694247840000,1.2456,1.2462,1.2456,1.2456,1719
505,505,1694247900000,1.2456,1.2457,1.2426,1.2441,60525
506,506,1694247960000,1.244,1.2442,1.244,1.244,2243
507,507,1694248020000,1.2439,1.2447,1.2439,1.2447,3616
508,508,1694248080000,1.2444,1.2445,1.2422,1.2438,29586
509,509,1694248140000,1.2438,1.2445,1.2438,1.244,6507
510,510,1694248200000,1.2439,1.2448,1.2439,1.2447,7612
511,511,1694248260000,1.2446,1.2451,1.2436,1.2436,14088
512,512,1694248320000,1.2436,1.2446,1.2436,1.2445,5365
513,513,1694248380000,1.2445,1.2449,1.2439,1.2447,10551
514,514,1694248440000,1.2446,1.2447,1.2438,1.2443,9561
515,515,1694248500000,1.2443,1.2443,1.2419,1.2422,18854
516,516,1694248560000,1.2421,1.2421,1.2408,1.2416,9787
517,517,1694248620000,1.2419,1.2435,1.2416,1.2424,18161
518,518,1694248680000,1.2425,1.243,1.2425,1.2429,7115
519,519,1694248740000,1.2427,1.2435,1.242,1.2429,17380
520,520,1694248800000,1.2428,1.2451,1.2428,1.2451,13216
521,521,1694248860000,1.2451,1.2451,1.2442,1.2449,11978
522,522,1694248920000,1.2447,1.245,1.2445,1.2448,2744
523,523,1694248980000,1.2448,1.2452,1.2448,1.2451,7860
524,524,1694249040000,1.245,1.2453,1.2443,1.2448,9718
525,525,1694249100000,1.2448,1.2455,1.2446,1.2451,7381
526,526,1694249160000,1.2452,1.2456,1.245,1.2455,5894
527,527,1694249220000,1.2456,1.2457,1.2438,1.2444,34531
528,528,1694249280000,1.2445,1.2445,1.2427,1.243,14316
529,529,1694249340000,1.2429,1.2432,1.2428,1.2432,1953
530,530,1694249400000,1.2432,1.2436,1.2429,1.2429,7337
531,531,1694249460000,1.2429,1.2429,1.2421,1.2423,10348
532,532,1694249520000,1.2424,1.2429,1.2417,1.2418,3250
533,533,1694249580000,1.2417,1.2426,1.2408,1.2424,17177
534,534,1694249640000,1.2424,1.2433,1.2424,1.2433,5906
535,535,1694249700000,1.2432,1.2451,1.2428,1.2451,15896
536,536,1694249760000,1.245,1.2454,1.2442,1.2448,10310
537,537,1694249820000,1.2448,1.2448,1.2425,1.2427,9719
538,538,1694249880000,1.2428,1.2433,1.2417,1.242,18317
539,539,1694249940000,1.2419,1.2426,1.2416,1.2424,6938
540,540,1694250000000,1.2423,1.2438,1.2418,1.2423,12144
541,541,1694250060000,1.242,1.2439,1.2417,1.2438,7566
542,542,1694250120000,1.2438,1.2444,1.2437,1.2438,8560
543,543,1694250180000,1.2438,1.2438,1.2411,1.2414,21824
544,544,1694250240000,1.2412,1.2421,1.2411,1.2412,15368
545,545,1694250300000,1.241,1.241,1.237,1.2381,89929
546,546,1694250360000,1.2381,1.2403,1.2379,1.2402,27424
547,547,1694250420000,1.2403,1.2411,1.2403,1.2403,19616
548,548,1694250480000,1.2404,1.2407,1.2403,1.2404,3648
549,549,1694250540000,1.2405,1.242,1.2404,1.2419,16651
550,550,1694250600000,1.2418,1.2437,1.2407,1.2437,42415
551,551,1694250660000,1.2437,1.2443,1.2435,1.2439,10332
552,552,1694250720000,1.244,1.2455,1.244,1.2453,32205
553,553,1694250780000,1.2452,1.2476,1.2448,1.2475,21142
554,554,1694250840000,1.2475,1.2499,1.2474,1.2496,44456
555,555,1694250900000,1.2495,1.2527,1.2493,1.2509,45536
556,556,1694250960000,1.2509,1.2515,1.2496,1.2496,17134
557,557,1694251020000,1.2496,1.2553,1.2486,1.2549,53598
558,558,1694251080000,1.2549,1.2565,1.2534,1.2539,39573
559,559,1694251140000,1.2538,1.2538,1.2519,1.2521,20024
560,560,1694251200000,1.252,1.2533,1.2516,1.2524,33997
561,561,1694251260000,1.2523,1.2529,1.2517,1.2529,14615
562,562,1694251320000,1.2529,1.2553,1.2524,1.253,27873
563,563,1694251380000,1.2527,1.2536,1.2527,1.2531,3548
564,564,1694251440000,1.2531,1.2547,1.2529,1.2537,8091
565,565,1694251500000,1.2537,1.2538,1.253,1.2533,5280
566,566,1694251560000,1.2532,1.2534,1.2531,1.2534,2132
567,567,1694251620000,1.2534,1.2534,1.253,1.2534,10164
568,568,1694251680000,1.2533,1.2551,1.2528,1.255,19773
569,569,1694251740000,1.2552,1.256,1.254,1.254,18661
570,570,1694251800000,1.2541,1.2543,1.2522,1.2538,32929
571,571,1694251860000,1.2538,1.2547,1.2538,1.2543,13358
572,572,1694251920000,1.2542,1.2549,1.2541,1.2548,4357
573,573,1694251980000,1.2548,1.2551,1.2532,1.2532,11925
574,574,1694252040000,1.2532,1.2538,1.2515,1.2525,68819
575,575,1694252100000,1.2525,1.2525,1.252,1.2522,4810
576,576,1694252160000,1.2523,1.2529,1.2522,1.2529,9473
577,577,1694252220000,1.2533,1.2538,1.253,1.253,3403
578,578,1694252280000,1.2533,1.2534,1.2528,1.2532,10142
579,579,1694252340000,1.2533,1.2534,1.2529,1.2534,9888
580,580,1694252400000,1.2535,1.2537,1.2529,1.253,4912
581,581,1694252460000,1.253,1.254,1.253,1.2533,14804
582,582,1694252520000,1.2532,1.2534,1.2524,1.2527,12748
583,583,1694252580000,1.2527,1.2531,1.2517,1.2526,20810
584,584,1694252640000,1.2526,1.2526,1.249,1.2493,114291
585,585,1694252700000,1.2494,1.2497,1.245,1.2457,137432
586,586,1694252760000,1.2456,1.2456,1.2434,1.245,42241
587,587,1694252820000,1.2453,1.2455,1.2428,1.2439,19296
588,588,1694252880000,1.244,1.2443,1.2437,1.2437,4971
589,589,1694252940000,1.2437,1.2457,1.2437,1.2452,11850
590,590,1694253000000,1.2451,1.2451,1.2428,1.2449,26893
591,591,1694253060000,1.2445,1.2453,1.2441,1.2446,10582
592,592,1694253120000,1.2445,1.2458,1.2437,1.2456,19737
593,593,1694253180000,1.2456,1.2473,1.2456,1.2471,8475
594,594,1694253240000,1.2471,1.2473,1.2469,1.2469,3598
595,595,1694253300000,1.247,1.247,1.2452,1.2453,9540
596,596,1694253360000,1.2452,1.2452,1.244,1.245,8431
597,597,1694253420000,1.2448,1.2453,1.2448,1.2451,3618
598,598,1694253480000,1.2453,1.2455,1.2447,1.2455,5503
599,599,1694253540000,1.2455,1.2475,1.2455,1.2475,17227
600,600,1694253600000,1.2475,1.2479,1.2466,1.247,16483
601,601,1694253660000,1.247,1.2475,1.2468,1.2474,3052
602,602,1694253720000,1.2472,1.2474,1.2455,1.2462,14564
603,603,1694253780000,1.2462,1.2472,1.2461,1.2468,9781
604,604,1694253840000,1.2468,1.2476,1.2461,1.247,13204
605,605,1694253900000,1.247,1.2471,1.2465,1.2468,7369
606,606,1694253960000,1.2469,1.2479,1.2465,1.2479,10082
607,607,1694254020000,1.248,1.2482,1.2466,1.2466,5285
608,608,1694254080000,1.2466,1.2466,1.2455,1.2465,12245
609,609,1694254140000,1.246,1.2467,1.2455,1.2463,16775
610,610,1694254200000,1.2463,1.2475,1.2453,1.2474,12547
611,611,1694254260000,1.2473,1.2479,1.247,1.2474,10662
612,612,1694254320000,1.2473,1.2478,1.2473,1.2473,2601
613,613,1694254380000,1.2475,1.2477,1.2455,1.2456,4500
614,614,1694254440000,1.2453,1.2458,1.2451,1.2458,6811
615,615,1694254500000,1.2458,1.247,1.2456,1.2468,16397
616,616,1694254560000,1.2471,1.2473,1.247,1.2472,7391
617,617,1694254620000,1.2472,1.2474,1.2472,1.2474,3122
618,618,1694254680000,1.2475,1.2484,1.2475,1.2481,9959
619,619,1694254740000,1.2481,1.2488,1.2481,1.2486,5497
620,620,1694254800000,1.2486,1.2487,1.2481,1.2487,2714
621,621,1694254860000,1.2487,1.2488,1.2481,1.2485,4802
622,622,1694254920000,1.2481,1.2481,1.2479,1.2479,2928
623,623,1694254980000,1.2478,1.2483,1.2478,1.2483,4216
624,624,1694255040000,1.2482,1.2488,1.2482,1.2487,3670
625,625,1694255100000,1.2488,1.2491,1.2486,1.249,6519
626,626,1694255160000,1.2491,1.2502,1.2491,1.2497,49767
627,627,1694255220000,1.2497,1.2513,1.2496,1.2513,19211
628,628,1694255280000,1.2514,1.2534,1.2514,1.2533,31310
629,629,1694255340000,1.2532,1.2533,1.2511,1.2521,13889
630,630,1694255400000,1.2519,1.2523,1.2514,1.2523,8054
631,631,1694255460000,1.2525,1.2527,1.2516,1.2525,10229
632,632,1694255520000,1.2524,1.2573,1.2524,1.2566,74139
633,633,1694255580000,1.2567,1.2581,1.2558,1.256,20691
634,634,1694255640000,1.2558,1.2576,1.2547,1.2566,20415
635,635,1694255700000,1.2565,1.2569,1.255,1.2551,24853
636,636,1694255760000,1.2557,1.2564,1.2556,1.256,5793
637,637,1694255820000,1.256,1.256,1.2537,1.2541,28205
638,638,1694255880000,1.2541,1.2558,1.2536,1.2557,16388
639,639,1694255940000,1.2557,1.2568,1.2557,1.2567,2837
640,640,1694256000000,1.2568,1.2587,1.2567,1.2586,26168
641,641,1694256060000,1.2583,1.2594,1.2572,1.258,34589
642,642,1694256120000,1.2577,1.2577,1.2556,1.2556,23568
643,643,1694256180000,1.2558,1.2558,1.2517,1.2522,80422
644,644,1694256240000,1.2522,1.2542,1.2517,1.2534,9228
645,645,1694256300000,1.2538,1.2553,1.2538,1.2548,14297
646,646,1694256360000,1.2552,1.2553,1.2546,1.2553,5819
647,647,1694256420000,1.2549,1.2558,1.2536,1.2556,15184
648,648,1694256480000,1.2556,1.2558,1.2529,1.2535,26429
649,649,1694256540000,1.2535,1.2538,1.2534,1.2534,4925
650,650,1694256600000,1.2533,1.2554,1.2533,1.2554,5332
651,651,1694256660000,1.2552,1.2566,1.2552,1.2561,6727
652,652,1694256720000,1.2561,1.2563,1.2555,1.2559,6380
653,653,1694256780000,1.256,1.2572,1.256,1.2572,6610
654,654,1694256840000,1.2573,1.2582,1.2568,1.2571,17087
655,655,1694256900000,1.2571,1.2571,1.2555,1.2556,13190
656,656,1694256960000,1.2556,1.2565,1.2539,1.2543,15009
657,657,1694257020000,1.2541,1.2555,1.2536,1.2555,14006
658,658,1694257080000,1.2558,1.2564,1.2557,1.2559,5115
659,659,1694257140000,1.2558,1.2558,1.2537,1.2547,17926
660,660,1694257200000,1.2548,1.2548,1.2525,1.2525,15166
661,661,1694257260000,1.2525,1.253,1.2504,1.2515,34899
662,662,1694257320000,1.2516,1.2523,1.2514,1.2515,10116
663,663,1694257380000,1.2511,1.2515,1.2495,1.2504,27718
664,664,1694257440000,1.2503,1.2503,1.247,1.2478,33502
665,665,1694257500000,1.2477,1.2485,1.2463,1.2481,25515
666,666,1694257560000,1.2481,1.2501,1.2481,1.25,7332
667,667,1694257620000,1.2501,1.2507,1.2497,1.2507,8035
668,668,1694257680000,1.2504,1.2508,1.2485,1.2491,14038
669,669,1694257740000,1.2491,1.2491,1.2483,1.2486,7360
670,670,1694257800000,1.2486,1.2502,1.2484,1.2501,21307
671,671,1694257860000,1.2501,1.2524,1.25,1.2524,24105
672,672,1694257920000,1.252,1.2524,1.2518,1.252,5586
673,673,1694257980000,1.2521,1.2524,1.251,1.2513,10584
674,674,1694258040000,1.2511,1.2519,1.2508,1.251,3797
675,675,1694258100000,1.2509,1.2509,1.2495,1.2503,9020
676,676,1694258160000,1.2506,1.2509,1.2504,1.2505,4352
677,677,1694258220000,1.2504,1.2505,1.2491,1.2496,8528
678,678,1694258280000,1.2496,1.2504,1.2493,1.2504,6182
679,679,1694258340000,1.2503,1.2509,1.2496,1.25,7922
680,680,1694258400000,1.25,1.2503,1.2488,1.2502,12321
681,681,1694258460000,1.2501,1.2501,1.2487,1.2487,4946
682,682,1694258520000,1.2485,1.2485,1.2469,1.2471,30153
683,683,1694258580000,1.2471,1.2482,1.2471,1.248,3658
684,684,1694258640000,1.2482,1.2485,1.2481,1.2484,3278
685,685,1694258700000,1.2486,1.2496,1.2484,1.2494,7736
686,686,1694258760000,1.2494,1.2499,1.249,1.2497,5259
687,687,1694258820000,1.2497,1.25,1.2494,1.2496,4893
688,688,1694258880000,1.2498,1.2499,1.2474,1.2479,8356
689,689,1694258940000,1.2481,1.2486,1.2475,1.248,3643
690,690,1694259000000,1.2481,1.2482,1.2472,1.2476,3158
691,691,1694259060000,1.2477,1.2479,1.2448,1.2463,48879
692,692,1694259120000,1.2461,1.247,1.2461,1.247,4610
693,693,1694259180000,1.2469,1.2477,1.2465,1.2468,6939
694,694,1694259240000,1.2464,1.2469,1.2454,1.2459,21641
695,695,1694259300000,1.2458,1.247,1.2458,1.2467,3680
696,696,1694259360000,1.2466,1.2498,1.2463,1.2493,84654
697,697,1694259420000,1.2493,1.25,1.2489,1.2498,5396
698,698,1694259480000,1.2499,1.2508,1.2498,1.2506,6383
699,699,1694259540000,1.2508,1.2508,1.2494,1.2498,8071
700,700,1694259600000,1.2498,1.2516,1.2492,1.2516,10939
701,701,1694259660000,1.2515,1.2523,1.2511,1.2523,6661
702,702,1694259720000,1.2523,1.2524,1.2516,1.252,4835
703,703,1694259780000,1.252,1.2526,1.2519,1.2526,5339
704,704,1694259840000,1.2527,1.2543,1.2526,1.2534,41843
705,705,1694259900000,1.2535,1.2544,1.2529,1.2537,10904
706,706,1694259960000,1.2534,1.2534,1.2527,1.2528,7483
707,707,1694260020000,1.2528,1.2533,1.2524,1.2528,7024
708,708,1694260080000,1.2528,1.253,1.2522,1.2526,8378
709,709,1694260140000,1.2528,1.2532,1.2524,1.2532,6649
710,710,1694260200000,1.2535,1.2535,1.2529,1.2535,3283
711,711,1694260260000,1.253,1.2537,1.2526,1.2526,10853
712,712,1694260320000,1.2526,1.2536,1.2525,1.253,8366
713,713,1694260380000,1.253,1.2536,1.2529,1.2536,3497
714,714,1694260440000,1.2536,1.2546,1.2532,1.2545,13901
715,715,1694260500000,1.2546,1.2561,1.2539,1.2553,38540
716,716,1694260560000,1.2554,1.256,1.2546,1.255,14223
717,717,1694260620000,1.255,1.2553,1.2541,1.2551,14787
718,718,1694260680000,1.2548,1.2548,1.2533,1.2545,19861
719,719,1694260740000,1.2545,1.2551,1.252,1.2525,30909
720,720,1694260800000,1.2523,1.2523,1.2501,1.2504,25207
721,721,1694260860000,1.2503,1.2512,1.25,1.2512,9057
722,722,1694260920000,1.2512,1.2517,1.2485,1.2495,27085
723,723,1694260980000,1.2491,1.2491,1.2471,1.2477,27646
724,724,1694261040000,1.2477,1.2488,1.247,1.2471,41105
725,725,1694261100000,1.2475,1.2479,1.2465,1.2469,9043
726,726,1694261160000,1.2466,1.2477,1.2463,1.2477,11224
727,727,1694261220000,1.2476,1.2483,1.2474,1.2482,7856
728,728,1694261280000,1.2481,1.2485,1.2469,1.2471,9742
729,729,1694261340000,1.2472,1.2472,1.2463,1.2466,7437
730,730,1694261400000,1.2467,1.2472,1.2459,1.2465,26762
731,731,1694261460000,1.2465,1.248,1.2463,1.2468,17924
732,732,1694261520000,1.2471,1.2471,1.2462,1.2471,8484
733,733,1694261580000,1.2467,1.2469,1.2466,1.2469,3656
734,734,1694261640000,1.2468,1.247,1.2467,1.2469,3962
735,735,1694261700000,1.2467,1.248,1.2466,1.2479,5382
736,736,1694261760000,1.248,1.2487,1.248,1.2484,6752
737,737,1694261820000,1.2483,1.2483,1.2479,1.2481,1588
738,738,1694261880000,1.2481,1.2486,1.248,1.248,3067
739,739,1694261940000,1.2479,1.249,1.2477,1.2484,15727
740,740,1694262000000,1.2482,1.2487,1.2477,1.2487,4632
741,741,1694262060000,1.2487,1.2489,1.2463,1.2468,25213
742,742,1694262120000,1.2467,1.2478,1.246,1.2463,34074
743,743,1694262180000,1.2466,1.2484,1.2466,1.2479,11297
744,744,1694262240000,1.2474,1.2477,1.2463,1.2464,9357
745,745,1694262300000,1.2464,1.2468,1.2462,1.2466,3983
746,746,1694262360000,1.2467,1.2471,1.2467,1.2468,2772
747,747,1694262420000,1.2468,1.2471,1.2462,1.2463,5189
748,748,1694262480000,1.2464,1.2466,1.246,1.2461,2953
749,749,1694262540000,1.2461,1.2464,1.2447,1.2448,24952
750,750,1694262600000,1.2448,1.2449,1.2442,1.2445,9058
751,751,1694262660000,1.2445,1.2448,1.243,1.2447,43823
752,752,1694262720000,1.2447,1.2455,1.2443,1.2455,10745
753,753,1694262780000,1.2454,1.2454,1.2446,1.2446,4040
754,754,1694262840000,1.2446,1.2453,1.2446,1.2452,3741
755,755,1694262900000,1.2451,1.2454,1.245,1.2454,6508
756,756,1694262960000,1.2455,1.2457,1.2453,1.2456,4501
757,757,1694263020000,1.2456,1.2458,1.2446,1.2446,14571
758,758,1694263080000,1.2447,1.245,1.2445,1.2446,3682
759,759,1694263140000,1.2446,1.2447,1.2429,1.2429,11760
760,760,1694263200000,1.2433,1.2437,1.24,1.2408,37300
761,761,1694263260000,1.241,1.242,1.2409,1.2418,18533
762,762,1694263320000,1.2419,1.2428,1.2418,1.2421,51796
763,763,1694263380000,1.2421,1.2426,1.2406,1.2411,36390
764,764,1694263440000,1.2415,1.242,1.2413,1.2415,6937
765,765,1694263500000,1.2412,1.2416,1.2403,1.2405,6545
766,766,1694263560000,1.2407,1.2411,1.2402,1.2402,7449
767,767,1694263620000,1.2402,1.2409,1.2402,1.2403,5249
768,768,1694263680000,1.2407,1.2417,1.2406,1.2407,16389
769,769,1694263740000,1.2407,1.2409,1.2377,1.2384,50403
770,770,1694263800000,1.2385,1.2391,1.236,1.2388,49277
771,771,1694263860000,1.2388,1.2403,1.2387,1.2403,10808
772,772,1694263920000,1.2404,1.2414,1.2404,1.2404,18114
773,773,1694263980000,1.2405,1.2408,1.2392,1.2395,7719
774,774,1694264040000,1.2395,1.2406,1.2394,1.24,6513
775,775,1694264100000,1.2401,1.2401,1.2382,1.2388,10281
776,776,1694264160000,1.2385,1.2394,1.2381,1.239,14441
777,777,1694264220000,1.2389,1.2389,1.2382,1.2385,2560
778,778,1694264280000,1.2382,1.2385,1.2378,1.238,6133
779,779,1694264340000,1.238,1.2385,1.2371,1.2375,12090
780,780,1694264400000,1.2374,1.2381,1.2352,1.2364,27411
781,781,1694264460000,1.2366,1.2376,1.2365,1.2373,3927
782,782,1694264520000,1.2373,1.239,1.2372,1.239,10327
783,783,1694264580000,1.2388,1.2388,1.2374,1.2378,5904
784,784,1694264640000,1.2378,1.2385,1.2373,1.2377,14631
785,785,1694264700000,1.2377,1.2377,1.2339,1.2345,48778
786,786,1694264760000,1.2347,1.237,1.234,1.2365,40129
787,787,1694264820000,1.2367,1.2372,1.2357,1.2365,22520
788,788,1694264880000,1.2364,1.2364,1.2344,1.2347,7641
789,789,1694264940000,1.2349,1.2364,1.2349,1.236,7703
790,790,1694265000000,1.2362,1.2383,1.236,1.238,25667
791,791,1694265060000,1.2381,1.2394,1.2378,1.2394,11710
792,792,1694265120000,1.2394,1.2408,1.2394,1.2407,3471
793,793,1694265180000,1.2408,1.2414,1.2403,1.2408,16472
794,794,1694265240000,1.2408,1.2408,1.2398,1.2405,5139
795,795,1694265300000,1.2406,1.2407,1.2394,1.24,12635
796,796,1694265360000,1.2399,1.2402,1.2388,1.2397,11448
797,797,1694265420000,1.2397,1.2401,1.2394,1.2394,2465
798,798,1694265480000,1.2395,1.2396,1.2377,1.2393,8812
799,799,1694265540000,1.2392,1.2393,1.2385,1.2391,3735
800,800,1694265600000,1.2392,1.2392,1.2366,1.2373,39284
801,801,1694265660000,1.2374,1.238,1.2358,1.238,13130
802,802,1694265720000,1.238,1.2385,1.2378,1.2383,6894
803,803,1694265780000,1.2379,1.2379,1.236,1.2362,8027
804,804,1694265840000,1.2361,1.2368,1.2356,1.2358,5164
805,805,1694265900000,1.2361,1.2367,1.2346,1.2352,23160
806,806,1694265960000,1.2355,1.2368,1.2352,1.236,11296
807,807,1694266020000,1.2362,1.2367,1.2354,1.2366,15279
808,808,1694266080000,1.2359,1.236,1.2352,1.2359,5549
809,809,1694266140000,1.2359,1.2361,1.2347,1.236,8732
810,810,1694266200000,1.2361,1.2365,1.2341,1.2346,17598
811,811,1694266260000,1.2356,1.2367,1.232,1.2323,114288
812,812,1694266320000,1.2324,1.2324,1.231,1.2314,21832
813,813,1694266380000,1.2314,1.2319,1.2285,1.2314,84461
814,814,1694266440000,1.2316,1.2316,1.2285,1.231,74390
815,815,1694266500000,1.2312,1.2328,1.2302,1.2315,47448
816,816,1694266560000,1.2313,1.2319,1.2309,1.2319,5162
817,817,1694266620000,1.2321,1.2323,1.231,1.2316,5434
818,818,1694266680000,1.2316,1.2323,1.2306,1.2314,19537
819,819,1694266740000,1.2318,1.2324,1.2315,1.2318,17870
820,820,1694266800000,1.2318,1.2323,1.2269,1.2276,122338
821,821,1694266860000,1.2274,1.2281,1.2252,1.2281,36110
822,822,1694266920000,1.228,1.2287,1.2265,1.2281,25982
823,823,1694266980000,1.2281,1.2294,1.228,1.2294,16463
824,824,1694267040000,1.2294,1.2299,1.2293,1.2299,18435
825,825,1694267100000,1.2299,1.2301,1.2282,1.229,27953
826,826,1694267160000,1.229,1.2294,1.2267,1.2268,25871
827,827,1694267220000,1.227,1.228,1.2269,1.2279,4346
828,828,1694267280000,1.2279,1.228,1.2206,1.2214,148572
829,829,1694267340000,1.2214,1.224,1.2211,1.2236,39072
830,830,1694267400000,1.2236,1.2238,1.2216,1.2221,18276
831,831,1694267460000,1.2223,1.2238,1.2219,1.2234,27651
832,832,1694267520000,1.2233,1.2241,1.2232,1.2241,17307
833,833,1694267580000,1.224,1.2245,1.2237,1.2244,10713
834,834,1694267640000,1.2243,1.2251,1.224,1.2244,18616
835,835,1694267700000,1.2247,1.2248,1.2236,1.2243,8331
836,836,1694267760000,1.2244,1.2249,1.2233,1.2238,6163
837,837,1694267820000,1.224,1.225,1.2238,1.2245,6940
838,838,1694267880000,1.2246,1.2248,1.2235,1.2235,15534
839,839,1694267940000,1.2238,1.2243,1.2229,1.2243,7018
840,840,1694268000000,1.2242,1.2247,1.2238,1.2246,14274
841,841,1694268060000,1.2247,1.2256,1.2246,1.2256,18986
842,842,1694268120000,1.2256,1.2257,1.2227,1.2238,26036
843,843,1694268180000,1.2236,1.2237,1.2221,1.2225,34103
844,844,1694268240000,1.2224,1.2231,1.2221,1.2229,24512
845,845,1694268300000,1.223,1.223,1.2216,1.2216,20186
846,846,1694268360000,1.2216,1.2216,1.2152,1.216,176578
847,847,1694268420000,1.2158,1.2158,1.2101,1.2146,256908
848,848,1694268480000,1.2145,1.2153,1.2141,1.2147,33308
849,849,1694268540000,1.2147,1.216,1.214,1.2159,48031
850,850,1694268600000,1.216,1.2163,1.2146,1.2159,52157
851,851,1694268660000,1.2159,1.2164,1.2158,1.2162,16339
852,852,1694268720000,1.2162,1.2179,1.2162,1.2177,40097
853,853,1694268780000,1.2177,1.2177,1.2166,1.2176,9571
854,854,1694268840000,1.2176,1.2183,1.2174,1.2181,7792
855,855,1694268900000,1.2179,1.2193,1.2179,1.2193,18268
856,856,1694268960000,1.2192,1.2205,1.2192,1.2202,18254
857,857,1694269020000,1.2202,1.2202,1.2181,1.2184,17669
858,858,1694269080000,1.2185,1.2198,1.2172,1.2175,14348
859,859,1694269140000,1.2176,1.2186,1.2176,1.2182,7903
860,860,1694269200000,1.2182,1.2186,1.2169,1.2177,13304
861,861,1694269260000,1.2176,1.2179,1.2174,1.2179,5259
862,862,1694269320000,1.2179,1.2183,1.2175,1.2182,3563
863,863,1694269380000,1.2183,1.2185,1.2182,1.2185,3085
864,864,1694269440000,1.2184,1.2188,1.2184,1.2188,3898
865,865,1694269500000,1.2187,1.2195,1.2183,1.2191,11392
866,866,1694269560000,1.2195,1.2212,1.2194,1.2208,60855
867,867,1694269620000,1.2211,1.2212,1.2203,1.2204,12896
868,868,1694269680000,1.2204,1.2206,1.2192,1.2199,7262
869,869,1694269740000,1.2197,1.2202,1.2193,1.2202,3023
870,870,1694269800000,1.2204,1.2204,1.2193,1.2195,7970
871,871,1694269860000,1.2196,1.22,1.2189,1.2196,9535
872,872,1694269920000,1.2195,1.2202,1.2193,1.2196,6245
873,873,1694269980000,1.2196,1.2206,1.2196,1.22,15219
874,874,1694270040000,1.22,1.2204,1.2196,1.2201,9030
875,875,1694270100000,1.22,1.22,1.2173,1.2173,12548
876,876,1694270160000,1.2172,1.2177,1.216,1.2168,15218
877,877,1694270220000,1.2172,1.2175,1.216,1.2174,8464
878,878,1694270280000,1.2175,1.2177,1.216,1.216,4326
879,879,1694270340000,1.216,1.2171,1.216,1.2171,11631
880,880,1694270400000,1.2173,1.2177,1.2172,1.2176,2110
881,881,1694270460000,1.2173,1.2173,1.2155,1.216,9866
882,882,1694270520000,1.2158,1.2165,1.2156,1.2165,12751
883,883,1694270580000,1.2164,1.22,1.216,1.2196,95861
884,884,1694270640000,1.2193,1.2196,1.2187,1.2187,8562
885,885,1694270700000,1.2188,1.2203,1.2188,1.2199,12889
886,886,1694270760000,1.2199,1.221,1.2192,1.2207,21131
887,887,1694270820000,1.2207,1.2213,1.2207,1.2208,9727
888,888,1694270880000,1.2207,1.2213,1.2204,1.2207,6391
889,889,1694270940000,1.221,1.2219,1.2208,1.2219,7547
890,890,1694271000000,1.2218,1.2223,1.2217,1.2221,3993
891,891,1694271060000,1.2221,1.2225,1.2221,1.2221,2635
892,892,1694271120000,1.2221,1.2221,1.2209,1.221,14581
893,893,1694271180000,1.221,1.2226,1.2209,1.2224,9443
894,894,1694271240000,1.2224,1.2227,1.2221,1.2224,6314
895,895,1694271300000,1.2225,1.2236,1.2225,1.2236,13234
896,896,1694271360000,1.2236,1.2252,1.2236,1.2247,17041
897,897,1694271420000,1.225,1.2256,1.2249,1.2249,4884
898,898,1694271480000,1.2249,1.225,1.2246,1.2246,4989
899,899,1694271540000,1.2246,1.2256,1.2246,1.2253,9718
900,900,1694271600000,1.2253,1.2256,1.225,1.2252,2717
901,901,1694271660000,1.225,1.2257,1.225,1.2256,5082
902,902,1694271720000,1.2255,1.2269,1.2253,1.2269,11228
903,903,1694271780000,1.2269,1.2292,1.2265,1.2279,50365
904,904,1694271840000,1.228,1.2301,1.228,1.229,20374
905,905,1694271900000,1.2289,1.2304,1.2289,1.2301,7415
906,906,1694271960000,1.2303,1.2323,1.2303,1.2309,34499
907,907,1694272020000,1.231,1.2318,1.2299,1.2311,14158
908,908,1694272080000,1.2309,1.2309,1.2295,1.2296,20069
909,909,1694272140000,1.2296,1.2299,1.2285,1.2294,12435
910,910,1694272200000,1.2294,1.2304,1.2294,1.2298,18702
911,911,1694272260000,1.2296,1.2299,1.2293,1.2295,2537
912,912,1694272320000,1.2297,1.231,1.229,1.2304,10591
913,913,1694272380000,1.2304,1.2306,1.2302,1.2304,3337
914,914,1694272440000,1.2303,1.2305,1.2297,1.2301,2461
915,915,1694272500000,1.2298,1.2313,1.2296,1.2312,11105
916,916,1694272560000,1.2313,1.2327,1.2312,1.2323,16606
917,917,1694272620000,1.2321,1.2327,1.2317,1.2327,2387
918,918,1694272680000,1.2328,1.2336,1.2328,1.2328,7092
919,919,1694272740000,1.2329,1.2335,1.2324,1.2332,5870
920,920,1694272800000,1.2331,1.2334,1.2325,1.2334,8661
921,921,1694272860000,1.2333,1.2334,1.2326,1.233,6117
922,922,1694272920000,1.233,1.2331,1.2321,1.2323,8529
923,923,1694272980000,1.2322,1.233,1.2319,1.2323,14177
924,924,1694273040000,1.2323,1.2326,1.2313,1.2326,8589
925,925,1694273100000,1.2326,1.2332,1.2325,1.2328,4399
926,926,1694273160000,1.2327,1.2329,1.2318,1.2326,13964
927,927,1694273220000,1.2325,1.2326,1.2315,1.2321,6742
928,928,1694273280000,1.2325,1.2333,1.2325,1.233,3473
929,929,1694273340000,1.2329,1.2329,1.2321,1.2323,5917
930,930,1694273400000,1.2323,1.2329,1.2323,1.2326,3536
931,931,1694273460000,1.2326,1.2326,1.2317,1.2317,5338
932,932,1694273520000,1.2318,1.2321,1.2311,1.2315,23794
933,933,1694273580000,1.2315,1.2319,1.231,1.231,4243
934,934,1694273640000,1.2309,1.2309,1.2278,1.2289,45628
935,935,1694273700000,1.2287,1.2289,1.2285,1.2286,6035
936,936,1694273760000,1.2285,1.2286,1.2267,1.2281,24306
937,937,1694273820000,1.2283,1.2291,1.2277,1.2287,9479
938,938,1694273880000,1.2289,1.2296,1.2289,1.2294,4980
939,939,1694273940000,1.2294,1.2295,1.2284,1.2288,2156
940,940,1694274000000,1.2288,1.2292,1.2284,1.229,3168
941,941,1694274060000,1.2292,1.2295,1.2286,1.2291,3074
942,942,1694274120000,1.229,1.2302,1.229,1.23,10116
943,943,1694274180000,1.2299,1.2301,1.2291,1.2291,4372
944,944,1694274240000,1.2292,1.2295,1.2284,1.2284,2543
945,945,1694274300000,1.2284,1.2298,1.2284,1.2298,3781
946,946,1694274360000,1.2298,1.2304,1.2298,1.2301,5715
947,947,1694274420000,1.2299,1.2317,1.2299,1.2312,7230
948,948,1694274480000,1.231,1.2326,1.2308,1.232,8978
949,949,1694274540000,1.2318,1.2323,1.2317,1.2322,3649
950,950,1694274600000,1.2321,1.2326,1.2317,1.2325,7783
951,951,1694274660000,1.2322,1.233,1.2321,1.2324,8884
952,952,1694274720000,1.2323,1.2331,1.2323,1.233,4659
953,953,1694274780000,1.2329,1.2332,1.2323,1.2326,3509
954,954,1694274840000,1.2327,1.2335,1.2327,1.2332,6368
955,955,1694274900000,1.2333,1.2335,1.2331,1.2332,6797
956,956,1694274960000,1.233,1.2339,1.2327,1.233,27885
957,957,1694275020000,1.2331,1.2351,1.2331,1.2351,26995
958,958,1694275080000,1.2352,1.2364,1.2352,1.2362,19373
959,959,1694275140000,1.2364,1.2366,1.2355,1.2366,11145
960,960,1694275200000,1.2367,1.2393,1.2355,1.2386,45141
961,961,1694275260000,1.2386,1.2397,1.2378,1.2381,38038
962,962,1694275320000,1.2381,1.2386,1.2369,1.2369,41579
963,963,1694275380000,1.2369,1.238,1.236,1.2375,12819
964,964,1694275440000,1.2375,1.2395,1.2374,1.2383,14265
965,965,1694275500000,1.2379,1.2379,1.2354,1.2358,17384
966,966,1694275560000,1.236,1.2365,1.2353,1.2361,12097
967,967,1694275620000,1.236,1.2363,1.2349,1.235,8069
968,968,1694275680000,1.235,1.235,1.2345,1.2348,6002
969,969,1694275740000,1.2348,1.2372,1.2348,1.2369,14700
970,970,1694275800000,1.2369,1.2386,1.2369,1.2378,13182
971,971,1694275860000,1.2376,1.2378,1.2363,1.2372,9863
972,972,1694275920000,1.2373,1.2378,1.2373,1.2378,7260
973,973,1694275980000,1.238,1.2388,1.2378,1.2378,7819
974,974,1694276040000,1.238,1.239,1.2378,1.2378,11577
975,975,1694276100000,1.2379,1.2383,1.2371,1.2383,10943
976,976,1694276160000,1.2382,1.2382,1.237,1.2375,4313
977,977,1694276220000,1.2375,1.2377,1.2373,1.2376,1454
978,978,1694276280000,1.2373,1.2376,1.2363,1.2366,2297
979,979,1694276340000,1.2366,1.2371,1.2357,1.2365,13360
980,980,1694276400000,1.2366,1.2366,1.2355,1.2356,8807
981,981,1694276460000,1.2356,1.2365,1.235,1.2352,11085
982,982,1694276520000,1.2351,1.2355,1.2341,1.2353,28026
983,983,1694276580000,1.2353,1.2355,1.2345,1.2347,6545
984,984,1694276640000,1.2346,1.2357,1.2346,1.2357,7379
985,985,1694276700000,1.2359,1.2363,1.2353,1.2363,7768
986,986,1694276760000,1.2364,1.2371,1.2353,1.2368,24754
987,987,1694276820000,1.2367,1.237,1.2362,1.2363,3648
988,988,1694276880000,1.2362,1.2365,1.2357,1.2364,5121
989,989,1694276940000,1.2363,1.2372,1.2359,1.2367,12051
990,990,1694277000000,1.2369,1.2374,1.2363,1.2366,7581
991,991,1694277060000,1.2366,1.2377,1.2366,1.2372,8344
992,992,1694277120000,1.2371,1.2373,1.2368,1.2369,4696
993,993,1694277180000,1.2371,1.2378,1.2359,1.2359,7891
994,994,1694277240000,1.2358,1.2359,1.2344,1.2345,24967
995,995,1694277300000,1.2345,1.2345,1.2335,1.2342,7098
996,996,1694277360000,1.2345,1.2347,1.2329,1.2344,32884
997,997,1694277420000,1.2343,1.2362,1.2342,1.2362,14922
998,998,1694277480000,1.2363,1.2376,1.2359,1.2376,11064
999,999,1694277540000,1.2375,1.2385,1.2374,1.2385,14829
1000,1000,1694277600000,1.2385,1.239,1.2381,1.2389,6142
1001,1001,1694277660000,1.2388,1.2388,1.238,1.2382,10863
1002,1002,1694277720000,1.2381,1.2399,1.2381,1.2399,38348
1003,1003,1694277780000,1.2399,1.2408,1.2398,1.2406,13594
1004,1004,1694277840000,1.2406,1.241,1.2387,1.2393,19901
1005,1005,1694277900000,1.2395,1.2405,1.2379,1.2403,23293
1006,1006,1694277960000,1.2403,1.2403,1.2388,1.2397,13150
1007,1007,1694278020000,1.2397,1.2413,1.2397,1.2405,10913
1008,1008,1694278080000,1.2403,1.2408,1.2388,1.2401,16561
1009,1009,1694278140000,1.2402,1.241,1.239,1.2405,16803
1010,1010,1694278200000,1.2408,1.2408,1.2398,1.2408,4639
1011,1011,1694278260000,1.2407,1.2407,1.2398,1.2402,3649
1012,1012,1694278320000,1.2405,1.2407,1.2401,1.2407,2117
1013,1013,1694278380000,1.2407,1.2414,1.2404,1.241,6554
1014,1014,1694278440000,1.2413,1.243,1.2409,1.2421,20542
1015,1015,1694278500000,1.2422,1.243,1.2407,1.2407,24175
1016,1016,1694278560000,1.2406,1.2406,1.2391,1.2398,11022
1017,1017,1694278620000,1.2397,1.243,1.2397,1.2427,36763
1018,1018,1694278680000,1.2428,1.2434,1.242,1.242,11876
1019,1019,1694278740000,1.2419,1.2467,1.2385,1.2461,163275
1020,1020,1694278800000,1.246,1.2469,1.2434,1.2445,53997
1021,1021,1694278860000,1.2444,1.2467,1.2438,1.2441,31565
1022,1022,1694278920000,1.2443,1.2445,1.241,1.2428,59469
1023,1023,1694278980000,1.2426,1.2426,1.24,1.2404,17504
1024,1024,1694279040000,1.2406,1.242,1.2404,1.2404,8416
1025,1025,1694279100000,1.2404,1.241,1.24,1.241,8933
1026,1026,1694279160000,1.2408,1.2435,1.2408,1.2433,7797
1027,1027,1694279220000,1.2433,1.2435,1.2426,1.2433,8853
1028,1028,1694279280000,1.2435,1.2436,1.2432,1.2433,3949
1029,1029,1694279340000,1.2436,1.2438,1.2423,1.243,8517
1030,1030,1694279400000,1.243,1.243,1.2394,1.2396,36515
1031,1031,1694279460000,1.2398,1.2411,1.2398,1.2399,16288
1032,1032,1694279520000,1.2397,1.2405,1.239,1.2401,11488
1033,1033,1694279580000,1.2402,1.2402,1.2392,1.2398,7715
1034,1034,1694279640000,1.2399,1.24,1.2391,1.2391,6872
1035,1035,1694279700000,1.2392,1.2393,1.2378,1.2383,14198
1036,1036,1694279760000,1.2384,1.2384,1.2375,1.2378,8817
1037,1037,1694279820000,1.2376,1.2379,1.2374,1.2379,4567
1038,1038,1694279880000,1.238,1.2385,1.2372,1.2376,12722
1039,1039,1694279940000,1.2377,1.2381,1.2373,1.2378,4907
1040,1040,1694280000000,1.2379,1.2392,1.2376,1.2392,8336
1041,1041,1694280060000,1.2391,1.2391,1.2386,1.2388,1898
1042,1042,1694280120000,1.2387,1.239,1.2382,1.2383,3876
1043,1043,1694280180000,1.2384,1.2387,1.2356,1.2361,20052
1044,1044,1694280240000,1.2361,1.2367,1.2356,1.2365,7398
1045,1045,1694280300000,1.2366,1.2377,1.2363,1.2375,10433
1046,1046,1694280360000,1.2374,1.2374,1.2359,1.2359,9695
1047,1047,1694280420000,1.2359,1.2364,1.2349,1.2364,15170
1048,1048,1694280480000,1.2365,1.2365,1.2352,1.2355,7954
1049,1049,1694280540000,1.2356,1.2364,1.2349,1.2354,10619
1050,1050,1694280600000,1.2356,1.236,1.2335,1.2335,37237
1051,1051,1694280660000,1.2337,1.2341,1.2327,1.2327,20850
1052,1052,1694280720000,1.2326,1.2344,1.2325,1.2329,32997
1053,1053,1694280780000,1.2329,1.2333,1.2324,1.2329,9319
1054,1054,1694280840000,1.2329,1.2331,1.2324,1.2329,4710
1055,1055,1694280900000,1.2329,1.2346,1.2329,1.2343,11697
1056,1056,1694280960000,1.2342,1.2355,1.2342,1.2352,8224
1057,1057,1694281020000,1.2355,1.2371,1.2351,1.2368,12405
1058,1058,1694281080000,1.2368,1.238,1.2368,1.2379,6651
1059,1059,1694281140000,1.2378,1.2392,1.2377,1.2387,21940
1060,1060,1694281200000,1.2388,1.2402,1.2388,1.2399,11255
1061,1061,1694281260000,1.24,1.2408,1.24,1.2401,5168
1062,1062,1694281320000,1.2401,1.2401,1.2379,1.2386,19699
1063,1063,1694281380000,1.2386,1.2395,1.2384,1.239,8179
1064,1064,1694281440000,1.2391,1.2397,1.2388,1.2394,3093
1065,1065,1694281500000,1.2394,1.2401,1.2391,1.2396,6048
1066,1066,1694281560000,1.2394,1.2395,1.2378,1.2389,14979
1067,1067,1694281620000,1.2385,1.2392,1.2385,1.2392,4002
1068,1068,1694281680000,1.2393,1.2404,1.2391,1.2402,29721
1069,1069,1694281740000,1.2402,1.2412,1.2389,1.2392,53136
1070,1070,1694281800000,1.2394,1.2402,1.2392,1.2396,11896
1071,1071,1694281860000,1.2397,1.2398,1.2391,1.2393,4416
1072,1072,1694281920000,1.2394,1.241,1.2394,1.241,1892
1073,1073,1694281980000,1.2409,1.2409,1.2401,1.2403,3321
1074,1074,1694282040000,1.2403,1.241,1.239,1.239,5007
1075,1075,1694282100000,1.2391,1.2395,1.2385,1.2394,4999
1076,1076,1694282160000,1.2394,1.2402,1.2393,1.2396,4979
1077,1077,1694282220000,1.2397,1.2408,1.2397,1.2408,2956
1078,1078,1694282280000,1.2407,1.2407,1.2399,1.2399,2868
1079,1079,1694282340000,1.24,1.2405,1.2396,1.2396,3732
1080,1080,1694282400000,1.2398,1.2404,1.2396,1.2401,7182
1081,1081,1694282460000,1.2401,1.2409,1.2401,1.2409,4489
1082,1082,1694282520000,1.2408,1.2415,1.2373,1.238,13067
1083,1083,1694282580000,1.2381,1.2383,1.2371,1.2383,6099
1084,1084,1694282640000,1.2383,1.2394,1.2376,1.2392,24248
1085,1085,1694282700000,1.2392,1.2396,1.238,1.238,8041
1086,1086,1694282760000,1.2381,1.2387,1.238,1.2387,3999
1087,1087,1694282820000,1.2385,1.2387,1.238,1.2386,5596
1088,1088,1694282880000,1.2384,1.2386,1.2376,1.2378,2288
1089,1089,1694282940000,1.2378,1.2381,1.2377,1.2381,760
1090,1090,1694283000000,1.2378,1.2382,1.2377,1.2378,1604
1091,1091,1694283060000,1.2377,1.2382,1.2364,1.237,8938
1092,1092,1694283120000,1.237,1.2371,1.2358,1.2361,11876
1093,1093,1694283180000,1.2361,1.237,1.2356,1.2368,9516
1094,1094,1694283240000,1.2368,1.2368,1.2364,1.2365,2237
1095,1095,1694283300000,1.2365,1.2367,1.2359,1.2366,3737
1096,1096,1694283360000,1.2363,1.237,1.2363,1.2368,3659
1097,1097,1694283420000,1.2364,1.2365,1.2357,1.2363,3045
1098,1098,1694283480000,1.2362,1.237,1.2362,1.2364,1845
1099,1099,1694283540000,1.2368,1.238,1.2367,1.2378,8092
1100,1100,1694283600000,1.238,1.238,1.2378,1.2378,2127
1101,1101,1694283660000,1.2374,1.2375,1.235,1.2356,10649
1102,1102,1694283720000,1.2355,1.2371,1.2355,1.237,4773
1103,1103,1694283780000,1.2371,1.2377,1.2368,1.2374,5219
1104,1104,1694283840000,1.2374,1.2381,1.2371,1.2377,8034
1105,1105,1694283900000,1.2378,1.2385,1.2368,1.2371,6421
1106,1106,1694283960000,1.2374,1.2381,1.2374,1.2381,2125
1107,1107,1694284020000,1.2382,1.2386,1.2381,1.2383,2697
1108,1108,1694284080000,1.2382,1.2389,1.2382,1.2388,1786
1109,1109,1694284140000,1.2388,1.239,1.2384,1.2386,5838
1110,1110,1694284200000,1.2387,1.2392,1.2379,1.2381,6062
1111,1111,1694284260000,1.2384,1.2387,1.2369,1.2369,4686
1112,1112,1694284320000,1.237,1.2373,1.2368,1.2368,1721
1113,1113,1694284380000,1.237,1.2374,1.2367,1.2367,2387
1114,1114,1694284440000,1.2371,1.2373,1.2368,1.237,1654
1115,1115,1694284500000,1.237,1.239,1.2368,1.239,13476
1116,1116,1694284560000,1.2393,1.2409,1.2393,1.2406,40370
1117,1117,1694284620000,1.2406,1.2412,1.2376,1.2405,36094
1118,1118,1694284680000,1.2405,1.2414,1.2405,1.2414,15408
1119,1119,1694284740000,1.2414,1.2419,1.2414,1.2414,20754
1120,1120,1694284800000,1.2415,1.2418,1.239,1.2402,45898
1121,1121,1694284860000,1.2402,1.2418,1.2402,1.2416,11090
1122,1122,1694284920000,1.2415,1.2416,1.2412,1.2416,7204
1123,1123,1694284980000,1.2417,1.244,1.2416,1.2437,34016
1124,1124,1694285040000,1.2437,1.2438,1.2414,1.2422,25103
1125,1125,1694285100000,1.2419,1.2419,1.2402,1.2405,9966
1126,1126,1694285160000,1.2405,1.2407,1.2395,1.2395,4914
1127,1127,1694285220000,1.2397,1.2413,1.2397,1.2409,4261
1128,1128,1694285280000,1.2409,1.2414,1.2406,1.2413,3417
1129,1129,1694285340000,1.2413,1.2415,1.2408,1.2411,3350
1130,1130,1694285400000,1.2411,1.2423,1.2411,1.2418,6054
1131,1131,1694285460000,1.2415,1.243,1.2414,1.2426,7504
1132,1132,1694285520000,1.2426,1.2427,1.2422,1.2424,2984
1133,1133,1694285580000,1.2424,1.2427,1.2419,1.242,12514
1134,1134,1694285640000,1.2421,1.2427,1.2421,1.2422,2625
1135,1135,1694285700000,1.2423,1.2425,1.2421,1.2423,3294
1136,1136,1694285760000,1.2424,1.2427,1.2424,1.2425,1494
1137,1137,1694285820000,1.2425,1.2426,1.242,1.242,3384
1138,1138,1694285880000,1.242,1.2425,1.242,1.2425,1338
1139,1139,1694285940000,1.2424,1.2431,1.2422,1.2425,3442
1140,1140,1694286000000,1.2426,1.2426,1.2407,1.2408,7967
1141,1141,1694286060000,1.2407,1.243,1.2407,1.2428,11987
1142,1142,1694286120000,1.2427,1.2427,1.2417,1.2417,5061
1143,1143,1694286180000,1.2419,1.2419,1.2415,1.2415,4312
1144,1144,1694286240000,1.2415,1.2415,1.2403,1.2404,8393
1145,1145,1694286300000,1.2404,1.2405,1.2397,1.2397,7870
1146,1146,1694286360000,1.2396,1.2407,1.2395,1.2407,6325
1147,1147,1694286420000,1.2407,1.2407,1.2379,1.2379,14933
1148,1148,1694286480000,1.2379,1.2385,1.2368,1.238,29929
1149,1149,1694286540000,1.2383,1.2393,1.2383,1.2393,2735
1150,1150,1694286600000,1.239,1.2391,1.2363,1.2369,24723
1151,1151,1694286660000,1.2367,1.2377,1.2365,1.2376,6289
1152,1152,1694286720000,1.2377,1.2381,1.2372,1.2378,3848
1153,1153,1694286780000,1.2378,1.2388,1.2378,1.2387,7150
1154,1154,1694286840000,1.2387,1.2393,1.2386,1.2389,1915
1155,1155,1694286900000,1.2389,1.239,1.2389,1.2389,1210
1156,1156,1694286960000,1.2388,1.2388,1.2372,1.2372,2884
1157,1157,1694287020000,1.2372,1.2382,1.2368,1.2381,3873
1158,1158,1694287080000,1.2382,1.2386,1.2379,1.2384,2099
1159,1159,1694287140000,1.2384,1.2384,1.2369,1.2372,6051
1160,1160,1694287200000,1.2375,1.2377,1.2372,1.2376,11195
1161,1161,1694287260000,1.2375,1.2376,1.2374,1.2374,1755
1162,1162,1694287320000,1.2374,1.2377,1.2366,1.2375,6588
1163,1163,1694287380000,1.2374,1.2391,1.2374,1.239,4552
1164,1164,1694287440000,1.2388,1.239,1.238,1.238,6644
1165,1165,1694287500000,1.238,1.2393,1.238,1.2393,3369
1166,1166,1694287560000,1.2392,1.2398,1.2387,1.2389,3629
1167,1167,1694287620000,1.2388,1.2396,1.2388,1.2391,4714
1168,1168,1694287680000,1.2393,1.2395,1.239,1.2392,2975
1169,1169,1694287740000,1.2392,1.2402,1.2392,1.2402,15637
1170,1170,1694287800000,1.2403,1.2406,1.2402,1.2404,3919
1171,1171,1694287860000,1.2405,1.2407,1.2392,1.2392,8184
1172,1172,1694287920000,1.2388,1.2392,1.2384,1.2386,2006
1173,1173,1694287980000,1.2386,1.24,1.2386,1.2392,9264
1174,1174,1694288040000,1.2391,1.2392,1.2386,1.2389,2027
1175,1175,1694288100000,1.2388,1.2392,1.2372,1.2373,8425
1176,1176,1694288160000,1.2378,1.2378,1.2369,1.2376,2815
1177,1177,1694288220000,1.2376,1.2378,1.236,1.2361,18084
1178,1178,1694288280000,1.2361,1.2366,1.2361,1.2362,4045
1179,1179,1694288340000,1.2362,1.2374,1.236,1.2374,10294
1180,1180,1694288400000,1.237,1.2372,1.2369,1.237,1325
1181,1181,1694288460000,1.2371,1.2375,1.2371,1.2372,3662
1182,1182,1694288520000,1.2372,1.2372,1.2365,1.2371,4288
1183,1183,1694288580000,1.2371,1.2376,1.2371,1.2375,3252
1184,1184,1694288640000,1.2376,1.2376,1.2375,1.2376,2838
1185,1185,1694288700000,1.2379,1.2389,1.2379,1.2386,4119
1186,1186,1694288760000,1.2387,1.24,1.2387,1.2388,10227
1187,1187,1694288820000,1.2387,1.239,1.2382,1.2382,1732
1188,1188,1694288880000,1.2383,1.2387,1.2383,1.2387,3935
1189,1189,1694288940000,1.2388,1.2392,1.2387,1.2387,4915
1190,1190,1694289000000,1.2387,1.2387,1.2383,1.2386,2001
1191,1191,1694289060000,1.2386,1.2394,1.2386,1.2393,4546
1192,1192,1694289120000,1.2393,1.2399,1.239,1.239,4791
1193,1193,1694289180000,1.2391,1.2407,1.2391,1.2407,7978
1194,1194,1694289240000,1.2406,1.2411,1.2404,1.2407,9604
1195,1195,1694289300000,1.2409,1.242,1.2409,1.2419,7871
1196,1196,1694289360000,1.2419,1.242,1.2415,1.2419,3259
1197,1197,1694289420000,1.2419,1.2419,1.2413,1.2415,6331
1198,1198,1694289480000,1.2418,1.242,1.2418,1.242,4082
1199,1199,1694289540000,1.2419,1.242,1.2413,1.2414,6658
1200,1200,1694289600000,1.2415,1.2417,1.2412,1.2415,3170
1201,1201,1694289660000,1.2415,1.2415,1.2393,1.2399,16457
1202,1202,1694289720000,1.2399,1.2409,1.2384,1.239,18441
1203,1203,1694289780000,1.2394,1.2394,1.2373,1.2373,14802
1204,1204,1694289840000,1.2374,1.2381,1.2374,1.2377,14684
1205,1205,1694289900000,1.2377,1.2378,1.2366,1.2373,7963
1206,1206,1694289960000,1.2373,1.2388,1.2373,1.2387,3066
1207,1207,1694290020000,1.2386,1.2396,1.2383,1.2391,13377
1208,1208,1694290080000,1.2391,1.2402,1.2391,1.2401,5566
1209,1209,1694290140000,1.2402,1.2409,1.2402,1.2402,2751
1210,1210,1694290200000,1.2404,1.2417,1.2404,1.2416,8865
1211,1211,1694290260000,1.2417,1.2423,1.2413,1.2421,26912
1212,1212,1694290320000,1.242,1.2423,1.2419,1.2422,1678
1213,1213,1694290380000,1.2422,1.2431,1.2422,1.2431,7691
1214,1214,1694290440000,1.2431,1.2442,1.243,1.2442,7381
1215,1215,1694290500000,1.2443,1.2443,1.2432,1.2438,4075
1216,1216,1694290560000,1.2437,1.2437,1.2431,1.2435,1732
1217,1217,1694290620000,1.2435,1.2443,1.2435,1.2442,2835
1218,1218,1694290680000,1.2443,1.2443,1.2438,1.2439,5640
1219,1219,1694290740000,1.244,1.2443,1.2418,1.243,20493
1220,1220,1694290800000,1.243,1.2444,1.243,1.2437,14564
1221,1221,1694290860000,1.2434,1.2442,1.2434,1.2437,8887
1222,1222,1694290920000,1.2435,1.2435,1.2434,1.2435,956
1223,1223,1694290980000,1.2434,1.2444,1.2434,1.2444,5384
1224,1224,1694291040000,1.2442,1.2442,1.2436,1.2442,3682
1225,1225,1694291100000,1.2442,1.2442,1.2426,1.2428,2912
1226,1226,1694291160000,1.243,1.2435,1.2385,1.2401,88940
1227,1227,1694291220000,1.2399,1.2401,1.2391,1.2394,2604
1228,1228,1694291280000,1.2395,1.2396,1.2389,1.2395,5497
1229,1229,1694291340000,1.2394,1.2394,1.2381,1.2383,8901
1230,1230,1694291400000,1.2382,1.2385,1.2378,1.238,7712
1231,1231,1694291460000,1.2378,1.2378,1.236,1.2364,33592
1232,1232,1694291520000,1.2364,1.237,1.2359,1.2363,4133
1233,1233,1694291580000,1.2361,1.2362,1.2357,1.2357,10817
1234,1234,1694291640000,1.2358,1.2362,1.2356,1.2359,14624
1235,1235,1694291700000,1.2359,1.2372,1.2359,1.2366,7366
1236,1236,1694291760000,1.2368,1.2384,1.2368,1.2376,8377
1237,1237,1694291820000,1.2377,1.2382,1.2377,1.2382,1455
1238,1238,1694291880000,1.2382,1.2382,1.2367,1.2376,6707
1239,1239,1694291940000,1.2378,1.2382,1.2378,1.2379,3946
1240,1240,1694292000000,1.238,1.2388,1.2379,1.2382,5599
1241,1241,1694292060000,1.2382,1.2387,1.2377,1.2377,4862
1242,1242,1694292120000,1.2376,1.2376,1.2361,1.2374,18734
1243,1243,1694292180000,1.2374,1.2384,1.2374,1.2384,3218
1244,1244,1694292240000,1.2382,1.2385,1.2376,1.2376,3966
1245,1245,1694292300000,1.2377,1.2383,1.2376,1.2382,3629
1246,1246,1694292360000,1.2378,1.238,1.2373,1.2379,2337
1247,1247,1694292420000,1.2379,1.238,1.2363,1.2364,3859
1248,1248,1694292480000,1.2364,1.2374,1.2364,1.237,11538
1249,1249,1694292540000,1.2369,1.2376,1.2369,1.2375,2174
1250,1250,1694292600000,1.2373,1.2378,1.237,1.2376,1719
1251,1251,1694292660000,1.2373,1.2378,1.2373,1.2376,2815
1252,1252,1694292720000,1.2376,1.2381,1.2376,1.2381,1708
1253,1253,1694292780000,1.2383,1.2386,1.238,1.2385,4295
1254,1254,1694292840000,1.2383,1.2386,1.2374,1.2377,4008
1255,1255,1694292900000,1.2379,1.2381,1.2378,1.2378,2443
1256,1256,1694292960000,1.2378,1.2378,1.237,1.2371,2716
1257,1257,1694293020000,1.2376,1.2378,1.2375,1.2378,1181
1258,1258,1694293080000,1.2378,1.2382,1.2377,1.2377,2779
1259,1259,1694293140000,1.2377,1.238,1.2371,1.2375,10028
1260,1260,1694293200000,1.2373,1.238,1.2371,1.2375,5000
1261,1261,1694293260000,1.2376,1.2379,1.2361,1.2364,6911
1262,1262,1694293320000,1.2363,1.2366,1.2361,1.2362,5194
1263,1263,1694293380000,1.2365,1.2366,1.2362,1.2362,2576
1264,1264,1694293440000,1.2363,1.2366,1.2361,1.2366,3142
1265,1265,1694293500000,1.2366,1.2366,1.2364,1.2366,1423
1266,1266,1694293560000,1.2366,1.2369,1.2361,1.2368,8278
1267,1267,1694293620000,1.237,1.2376,1.2369,1.2376,3120
1268,1268,1694293680000,1.2375,1.2375,1.2367,1.237,4764
1269,1269,1694293740000,1.237,1.2373,1.2361,1.2362,2717
1270,1270,1694293800000,1.236,1.236,1.2351,1.2354,2293
1271,1271,1694293860000,1.2353,1.2363,1.2353,1.2362,5464
1272,1272,1694293920000,1.2363,1.2371,1.2363,1.2368,2498
1273,1273,1694293980000,1.2368,1.2374,1.2364,1.2373,5289
1274,1274,1694294040000,1.2373,1.2386,1.2373,1.2383,7066
1275,1275,1694294100000,1.2383,1.2386,1.2373,1.2378,6466
1276,1276,1694294160000,1.2378,1.2382,1.2378,1.2381,1745
1277,1277,1694294220000,1.2377,1.2384,1.2377,1.2383,1730
1278,1278,1694294280000,1.2383,1.2385,1.2379,1.2385,2037
1279,1279,1694294340000,1.238,1.2381,1.2376,1.2377,1827
1280,1280,1694294400000,1.238,1.2383,1.2378,1.2378,1758
1281,1281,1694294460000,1.2378,1.2382,1.2378,1.238,1488
1282,1282,1694294520000,1.238,1.2381,1.2378,1.2378,1944
1283,1283,1694294580000,1.238,1.2381,1.2376,1.2376,2346
1284,1284,1694294640000,1.2378,1.2385,1.2378,1.2382,3630
1285,1285,1694294700000,1.2383,1.2385,1.238,1.238,2135
1286,1286,1694294760000,1.238,1.2384,1.2377,1.2379,2477
1287,1287,1694294820000,1.2379,1.2383,1.2376,1.2381,2054
1288,1288,1694294880000,1.2382,1.2384,1.2375,1.2381,2215
1289,1289,1694294940000,1.2378,1.2382,1.2378,1.238,1310
1290,1290,1694295000000,1.2381,1.2385,1.2376,1.2376,2577
1291,1291,1694295060000,1.2377,1.2385,1.2377,1.2382,3439
1292,1292,1694295120000,1.2378,1.2378,1.237,1.2375,2003
1293,1293,1694295180000,1.2373,1.2373,1.2368,1.237,2438
1294,1294,1694295240000,1.2367,1.237,1.2364,1.2368,5581
1295,1295,1694295300000,1.2362,1.2362,1.2353,1.2353,2288
1296,1296,1694295360000,1.2354,1.2357,1.2345,1.2348,9028
1297,1297,1694295420000,1.2346,1.2347,1.2338,1.2344,7811
1298,1298,1694295480000,1.2339,1.234,1.2334,1.2336,5485
1299,1299,1694295540000,1.2338,1.2349,1.2338,1.2344,6635
1300,1300,1694295600000,1.2342,1.2349,1.2342,1.2349,2384
1301,1301,1694295660000,1.2348,1.2357,1.2348,1.2357,6285
1302,1302,1694295720000,1.2357,1.2367,1.2357,1.2363,6070
1303,1303,1694295780000,1.2362,1.2366,1.2358,1.2365,3431
1304,1304,1694295840000,1.2365,1.2367,1.2361,1.2367,2856
1305,1305,1694295900000,1.2367,1.2372,1.2367,1.237,1617
1306,1306,1694295960000,1.2369,1.2371,1.2369,1.2371,1521
1307,1307,1694296020000,1.2371,1.2374,1.237,1.2371,2249
1308,1308,1694296080000,1.2372,1.2376,1.2371,1.2376,2385
1309,1309,1694296140000,1.2375,1.2377,1.2362,1.2371,5883
1310,1310,1694296200000,1.2371,1.2372,1.2358,1.2358,4265
1311,1311,1694296260000,1.2357,1.2371,1.2357,1.2367,8883
1312,1312,1694296320000,1.2368,1.2377,1.2368,1.2372,5463
1313,1313,1694296380000,1.2371,1.2375,1.2371,1.2375,1563
1314,1314,1694296440000,1.2374,1.2375,1.2372,1.2375,1094
1315,1315,1694296500000,1.2375,1.2375,1.237,1.2374,2103
1316,1316,1694296560000,1.2374,1.2383,1.2371,1.2383,3638
1317,1317,1694296620000,1.2383,1.2385,1.2377,1.2381,3920
1318,1318,1694296680000,1.2382,1.2391,1.2382,1.2385,6288
1319,1319,1694296740000,1.2386,1.2391,1.2385,1.2389,1621
1320,1320,1694296800000,1.2389,1.2407,1.2389,1.2407,14343
1321,1321,1694296860000,1.2406,1.2408,1.2403,1.2406,2345
1322,1322,1694296920000,1.2406,1.2408,1.2385,1.2389,9100
1323,1323,1694296980000,1.2387,1.2396,1.2387,1.2396,3759
1324,1324,1694297040000,1.2396,1.2399,1.2391,1.2396,3267
1325,1325,1694297100000,1.2396,1.2399,1.2385,1.2385,5666
1326,1326,1694297160000,1.2385,1.2392,1.2385,1.2389,2985
1327,1327,1694297220000,1.2391,1.2395,1.2391,1.2395,1879
1328,1328,1694297280000,1.2395,1.2411,1.2395,1.2411,9238
1329,1329,1694297340000,1.241,1.2418,1.241,1.2417,4377
1330,1330,1694297400000,1.2418,1.2421,1.2418,1.2421,3342
1331,1331,1694297460000,1.2422,1.2431,1.2422,1.2429,17791
1332,1332,1694297520000,1.2429,1.2439,1.2429,1.2439,4058
1333,1333,1694297580000,1.2439,1.2464,1.2439,1.2462,33288
1334,1334,1694297640000,1.2462,1.2463,1.2458,1.2462,26128
1335,1335,1694297700000,1.2462,1.2463,1.2456,1.2458,8704
1336,1336,1694297760000,1.2458,1.2458,1.2447,1.2455,10203
1337,1337,1694297820000,1.2454,1.2462,1.2454,1.2462,8127
1338,1338,1694297880000,1.2461,1.2464,1.246,1.2461,11734
1339,1339,1694297940000,1.2456,1.2456,1.2423,1.2428,74600
1340,1340,1694298000000,1.2429,1.2439,1.2429,1.2437,6656
1341,1341,1694298060000,1.2438,1.2452,1.2438,1.2451,8195
1342,1342,1694298120000,1.245,1.2455,1.2443,1.2443,6842
1343,1343,1694298180000,1.2442,1.2444,1.2435,1.2437,4349
1344,1344,1694298240000,1.2438,1.2449,1.2438,1.2445,4590
1345,1345,1694298300000,1.2444,1.2446,1.2433,1.2434,4539
1346,1346,1694298360000,1.2433,1.2438,1.2428,1.2433,5674
1347,1347,1694298420000,1.2429,1.2434,1.2428,1.2434,4851
1348,1348,1694298480000,1.2434,1.2447,1.2434,1.2444,4837
1349,1349,1694298540000,1.2444,1.2445,1.2443,1.2445,1211
1350,1350,1694298600000,1.2444,1.245,1.244,1.245,10208
1351,1351,1694298660000,1.245,1.2454,1.2441,1.2441,9253
1352,1352,1694298720000,1.2439,1.2439,1.2427,1.2429,7993
1353,1353,1694298780000,1.243,1.2447,1.243,1.2447,3961
1354,1354,1694298840000,1.2446,1.2451,1.2445,1.245,2045
1355,1355,1694298900000,1.2446,1.2446,1.2437,1.2443,2031
1356,1356,1694298960000,1.2442,1.245,1.2442,1.2448,2812
1357,1357,1694299020000,1.2448,1.2452,1.2441,1.2442,2955
1358,1358,1694299080000,1.2443,1.2446,1.2431,1.2433,10079
1359,1359,1694299140000,1.2435,1.2439,1.2435,1.2437,1679
1360,1360,1694299200000,1.2435,1.2438,1.2435,1.2436,2564
1361,1361,1694299260000,1.2436,1.2436,1.2435,1.2435,3036
1362,1362,1694299320000,1.2432,1.2436,1.242,1.2431,25023
1363,1363,1694299380000,1.2431,1.2447,1.243,1.2447,23339
1364,1364,1694299440000,1.2446,1.245,1.2443,1.2449,3985
1365,1365,1694299500000,1.245,1.2453,1.2447,1.245,3039
1366,1366,1694299560000,1.2451,1.2458,1.2451,1.2458,7876
1367,1367,1694299620000,1.2459,1.2465,1.2455,1.2458,7085
1368,1368,1694299680000,1.2458,1.246,1.2458,1.2459,1855
1369,1369,1694299740000,1.2459,1.2468,1.2459,1.2468,22299
1370,1370,1694299800000,1.2467,1.2467,1.2446,1.2446,31323
1371,1371,1694299860000,1.2443,1.2461,1.2443,1.2461,7464
1372,1372,1694299920000,1.246,1.2461,1.2457,1.2459,2135
1373,1373,1694299980000,1.2458,1.2458,1.245,1.2454,2858
1374,1374,1694300040000,1.2455,1.2462,1.2455,1.2461,1914
1375,1375,1694300100000,1.2462,1.2474,1.2461,1.2469,3323
1376,1376,1694300160000,1.2468,1.2472,1.2466,1.2466,2483
1377,1377,1694300220000,1.2466,1.2474,1.2466,1.2474,4505
1378,1378,1694300280000,1.2472,1.2479,1.2472,1.2476,4094
1379,1379,1694300340000,1.2474,1.2476,1.2465,1.2469,6843
1380,1380,1694300400000,1.247,1.248,1.247,1.2478,1649
1381,1381,1694300460000,1.2478,1.2488,1.2477,1.2488,5913
1382,1382,1694300520000,1.2485,1.249,1.2477,1.2481,2925
1383,1383,1694300580000,1.2479,1.2479,1.2449,1.2449,10358
1384,1384,1694300640000,1.2449,1.2473,1.2449,1.2473,8231
1385,1385,1694300700000,1.2472,1.2481,1.2472,1.2473,2901
1386,1386,1694300760000,1.2472,1.2474,1.2466,1.2473,5069
1387,1387,1694300820000,1.2472,1.2474,1.2472,1.2472,2949
1388,1388,1694300880000,1.2468,1.2482,1.2467,1.2479,7744
1389,1389,1694300940000,1.2481,1.2483,1.248,1.2483,1497
1390,1390,1694301000000,1.2481,1.2485,1.2478,1.2485,1834
1391,1391,1694301060000,1.2485,1.2487,1.2485,1.2487,2255
1392,1392,1694301120000,1.2486,1.249,1.2483,1.249,7023
1393,1393,1694301180000,1.249,1.2491,1.2489,1.2491,2563
1394,1394,1694301240000,1.2491,1.2493,1.2488,1.2489,3840
1395,1395,1694301300000,1.2491,1.2495,1.2489,1.2489,3215
1396,1396,1694301360000,1.249,1.2504,1.249,1.2499,33057
1397,1397,1694301420000,1.2497,1.2497,1.2441,1.245,54509
1398,1398,1694301480000,1.2455,1.2459,1.2453,1.2457,4723
1399,1399,1694301540000,1.2456,1.2461,1.2455,1.2456,4012
1400,1400,1694301600000,1.2457,1.2468,1.2457,1.2466,8553
1401,1401,1694301660000,1.2468,1.2469,1.2462,1.2462,3370
1402,1402,1694301720000,1.2462,1.2467,1.2462,1.2465,1479
1403,1403,1694301780000,1.2466,1.2478,1.2466,1.2478,4333
1404,1404,1694301840000,1.2479,1.2487,1.2479,1.2485,9205
1405,1405,1694301900000,1.2486,1.2489,1.2486,1.2487,2590
1406,1406,1694301960000,1.2487,1.2491,1.2487,1.2489,6390
1407,1407,1694302020000,1.2487,1.2487,1.2477,1.2478,1706
1408,1408,1694302080000,1.2479,1.2485,1.2479,1.2485,3254
1409,1409,1694302140000,1.2486,1.2486,1.2482,1.2482,2915
1410,1410,1694302200000,1.2482,1.2485,1.2479,1.248,2869
1411,1411,1694302260000,1.248,1.2481,1.248,1.2481,2045
1412,1412,1694302320000,1.2481,1.2489,1.2481,1.2489,2632
1413,1413,1694302380000,1.249,1.2492,1.2489,1.2489,3404
1414,1414,1694302440000,1.249,1.2492,1.2489,1.2492,3364
1415,1415,1694302500000,1.2491,1.2494,1.249,1.2493,6909
1416,1416,1694302560000,1.2494,1.2496,1.2493,1.2496,3058
1417,1417,1694302620000,1.2496,1.2496,1.2495,1.2496,2754
1418,1418,1694302680000,1.2496,1.2497,1.248,1.248,14961
1419,1419,1694302740000,1.2482,1.2484,1.2475,1.2477,5098
1420,1420,1694302800000,1.2477,1.2485,1.2477,1.2484,1310
1421,1421,1694302860000,1.2483,1.2483,1.2475,1.2477,5508
1422,1422,1694302920000,1.248,1.2482,1.2467,1.2474,18526
1423,1423,1694302980000,1.2473,1.2473,1.2467,1.2469,3376
1424,1424,1694303040000,1.2469,1.2474,1.2467,1.2469,1663
1425,1425,1694303100000,1.2469,1.2469,1.2459,1.2465,8135
1426,1426,1694303160000,1.2467,1.2473,1.2456,1.2473,15185
1427,1427,1694303220000,1.2472,1.2476,1.2466,1.2467,2235
1428,1428,1694303280000,1.2467,1.248,1.2467,1.2476,7848
1429,1429,1694303340000,1.2475,1.2476,1.2472,1.2476,2729
1430,1430,1694303400000,1.2473,1.2476,1.247,1.2474,2031
1431,1431,1694303460000,1.2475,1.2475,1.2458,1.2458,4033
1432,1432,1694303520000,1.246,1.2469,1.2458,1.2468,3861
1433,1433,1694303580000,1.2468,1.2473,1.2467,1.2469,1674
1434,1434,1694303640000,1.247,1.2474,1.2465,1.2474,1763
1435,1435,1694303700000,1.2473,1.2473,1.2468,1.2468,1035
1436,1436,1694303760000,1.2468,1.247,1.2468,1.2468,1899
1437,1437,1694303820000,1.247,1.2478,1.247,1.2476,6130
1438,1438,1694303880000,1.2476,1.2482,1.2464,1.2469,15775
1439,1439,1694303940000,1.247,1.2489,1.2467,1.2489,4744
