,index,timestamp,open,high,low,close,volume
0,0,1694908800000,0.4919,0.4919,0.4902,0.4906,98701.1
1,1,1694908860000,0.4906,0.4906,0.4895,0.4899,24587.5
2,2,1694908920000,0.4899,0.4908,0.4899,0.4908,21086.4
3,3,1694908980000,0.4909,0.4911,0.4904,0.4904,25007.9
4,4,1694909040000,0.4904,0.4906,0.4894,0.4899,27382.1
5,5,1694909100000,0.4899,0.4902,0.4894,0.4902,20960.2
6,6,1694909160000,0.4902,0.4903,0.4898,0.4898,14411.6
7,7,1694909220000,0.4897,0.4906,0.4897,0.4897,44573.4
8,8,1694909280000,0.4896,0.4899,0.489,0.4898,27771.8
9,9,1694909340000,0.4898,0.49,0.4892,0.4892,12807.6
10,10,1694909400000,0.4892,0.4892,0.4863,0.4886,179867.3
11,11,1694909460000,0.4886,0.4889,0.4877,0.4878,45716.6
12,12,1694909520000,0.4878,0.4879,0.4872,0.4873,23264.9
13,13,1694909580000,0.4874,0.4876,0.4863,0.4865,40480.1
14,14,1694909640000,0.4865,0.4868,0.4864,0.4866,24118.9
15,15,1694909700000,0.4865,0.4865,0.4838,0.484,153628.4
16,16,1694909760000,0.4841,0.4866,0.4834,0.4862,152521.5
17,17,1694909820000,0.4862,0.4865,0.4859,0.4861,56963.0
18,18,1694909880000,0.486,0.4865,0.486,0.4865,30462.2
19,19,1694909940000,0.4866,0.4868,0.4863,0.4865,16992.7
20,20,1694910000000,0.4866,0.4871,0.4863,0.4868,15060.4
21,21,1694910060000,0.4868,0.4872,0.4868,0.4868,12324.4
22,22,1694910120000,0.4868,0.4869,0.4867,0.4869,6856.1
23,23,1694910180000,0.487,0.487,0.4868,0.4869,3250.7
24,24,1694910240000,0.487,0.487,0.4866,0.4866,11798.8
25,25,1694910300000,0.4867,0.4872,0.4867,0.487,12420.0
26,26,1694910360000,0.487,0.4872,0.4867,0.4867,6954.4
27,27,1694910420000,0.4866,0.4866,0.4846,0.4848,27115.0
28,28,1694910480000,0.4848,0.4852,0.4844,0.4845,34440.3
29,29,1694910540000,0.4846,0.485,0.4836,0.4846,37214.4
30,30,1694910600000,0.4846,0.485,0.4843,0.4848,28812.1
31,31,1694910660000,0.4848,0.485,0.4841,0.4842,39000.2
32,32,1694910720000,0.4842,0.4846,0.484,0.4845,22625.6
33,33,1694910780000,0.4846,0.4848,0.484,0.4844,45908.0
34,34,1694910840000,0.4845,0.4847,0.4839,0.4842,18145.6
35,35,1694910900000,0.4844,0.4857,0.4844,0.4857,75866.6
36,36,1694910960000,0.4857,0.4873,0.4857,0.4873,80942.0
37,37,1694911020000,0.4873,0.4888,0.4872,0.4888,98038.6
38,38,1694911080000,0.4889,0.489,0.4884,0.4886,128213.7
39,39,1694911140000,0.4885,0.4897,0.4884,0.4886,76199.6
40,40,1694911200000,0.4886,0.4891,0.4883,0.4888,55599.8
41,41,1694911260000,0.4889,0.4895,0.4889,0.4891,36413.4
42,42,1694911320000,0.4891,0.4891,0.4882,0.4886,52243.5
43,43,1694911380000,0.4887,0.4895,0.4881,0.4895,59471.8
44,44,1694911440000,0.4896,0.49,0.4892,0.4899,41678.7
45,45,1694911500000,0.4899,0.4904,0.4895,0.4899,76433.2
46,46,1694911560000,0.4898,0.4898,0.4887,0.4893,32014.8
47,47,1694911620000,0.4893,0.4893,0.4885,0.4886,31706.0
48,48,1694911680000,0.4885,0.4887,0.488,0.4884,37540.5
49,49,1694911740000,0.4883,0.4888,0.4881,0.4888,35362.1
50,50,1694911800000,0.4889,0.4893,0.4884,0.4893,22412.9
51,51,1694911860000,0.4893,0.4895,0.4891,0.4895,21400.6
52,52,1694911920000,0.4895,0.4896,0.4873,0.4873,99918.1
53,53,1694911980000,0.4872,0.4876,0.4851,0.4873,268510.9
54,54,1694912040000,0.4873,0.4883,0.4869,0.4875,102125.1
55,55,1694912100000,0.4875,0.4875,0.4862,0.4873,78316.3
56,56,1694912160000,0.4873,0.4875,0.4863,0.4864,35668.4
57,57,1694912220000,0.4863,0.4865,0.4857,0.486,40379.2
58,58,1694912280000,0.486,0.486,0.4847,0.4848,30370.3
59,59,1694912340000,0.4849,0.4858,0.4849,0.4853,40944.0
60,60,1694912400000,0.4852,0.4858,0.4845,0.4847,75913.2
61,61,1694912460000,0.4846,0.4849,0.4797,0.4806,378393.0
62,62,1694912520000,0.4805,0.4839,0.4795,0.4836,259979.4
63,63,1694912580000,0.4837,0.4842,0.4828,0.4839,124495.2
64,64,1694912640000,0.4839,0.485,0.4832,0.4834,81552.1
65,65,1694912700000,0.4835,0.4837,0.4826,0.4829,59522.7
66,66,1694912760000,0.4828,0.4835,0.4816,0.4816,48500.0
67,67,1694912820000,0.4817,0.4822,0.4809,0.4814,80240.0
68,68,1694912880000,0.4813,0.4821,0.4801,0.4801,88851.2
69,69,1694912940000,0.4801,0.4818,0.4799,0.4816,111574.1
70,70,1694913000000,0.4816,0.4827,0.4813,0.4822,51876.3
71,71,1694913060000,0.4821,0.4829,0.4818,0.4829,55352.0
72,72,1694913120000,0.4829,0.4833,0.4822,0.4831,46016.8
73,73,1694913180000,0.4831,0.4841,0.4828,0.4838,19779.0
74,74,1694913240000,0.4838,0.484,0.4834,0.4835,22757.6
75,75,1694913300000,0.4836,0.4841,0.4834,0.4834,21858.2
76,76,1694913360000,0.4834,0.4835,0.4828,0.4834,27733.8
77,77,1694913420000,0.4833,0.4838,0.4824,0.4837,51576.5
78,78,1694913480000,0.4837,0.4848,0.4834,0.4848,16860.5
79,79,1694913540000,0.4847,0.4853,0.4845,0.4852,25864.5
80,80,1694913600000,0.4852,0.4852,0.4845,0.4845,22455.3
81,81,1694913660000,0.4846,0.4846,0.4831,0.4835,19476.5
82,82,1694913720000,0.4834,0.4835,0.4826,0.4828,20685.3
83,83,1694913780000,0.4829,0.4831,0.4823,0.4826,20439.0
84,84,1694913840000,0.4827,0.4827,0.4815,0.4817,11005.0
85,85,1694913900000,0.4816,0.482,0.4816,0.482,14303.8
86,86,1694913960000,0.4821,0.483,0.4821,0.4829,18063.6
87,87,1694914020000,0.4827,0.483,0.4826,0.4829,5320.7
88,88,1694914080000,0.483,0.4836,0.483,0.4835,10342.2
89,89,1694914140000,0.4834,0.484,0.4832,0.4835,19004.9
90,90,1694914200000,0.4835,0.484,0.4834,0.484,7319.3
91,91,1694914260000,0.4841,0.486,0.4841,0.4859,32953.0
92,92,1694914320000,0.4858,0.4858,0.4849,0.4849,33974.4
93,93,1694914380000,0.4848,0.485,0.4848,0.485,11217.0
94,94,1694914440000,0.485,0.485,0.4848,0.4848,7723.7
95,95,1694914500000,0.4848,0.485,0.4841,0.4843,17049.4
96,96,1694914560000,0.4842,0.4844,0.4838,0.4838,9572.2
97,97,1694914620000,0.4838,0.4838,0.4825,0.4825,34464.2
98,98,1694914680000,0.4825,0.4826,0.4821,0.4826,25354.8
99,99,1694914740000,0.4826,0.4826,0.4816,0.4816,10654.9
100,100,1694914800000,0.4816,0.4819,0.4812,0.4819,20013.7
101,101,1694914860000,0.482,0.4822,0.4818,0.482,10221.5
102,102,1694914920000,0.482,0.4829,0.482,0.4829,22481.3
103,103,1694914980000,0.4829,0.4833,0.4828,0.4833,6158.5
104,104,1694915040000,0.4833,0.4841,0.4833,0.484,16321.3
105,105,1694915100000,0.4839,0.484,0.4835,0.4836,10350.4
106,106,1694915160000,0.4838,0.4843,0.4838,0.4841,20012.4
107,107,1694915220000,0.4839,0.4843,0.4836,0.4842,8443.3
108,108,1694915280000,0.4842,0.4854,0.4838,0.4852,74869.5
109,109,1694915340000,0.4851,0.4854,0.485,0.4854,12451.4
110,110,1694915400000,0.4854,0.4854,0.4846,0.4846,34423.0
111,111,1694915460000,0.4846,0.4851,0.4844,0.4851,16813.4
112,112,1694915520000,0.4851,0.4859,0.4851,0.4855,10427.8
113,113,1694915580000,0.4856,0.4858,0.4855,0.4857,9652.4
114,114,1694915640000,0.4857,0.4859,0.4853,0.4857,22249.6
115,115,1694915700000,0.4857,0.4857,0.4855,0.4855,8645.6
116,116,1694915760000,0.4855,0.4857,0.4849,0.4851,94378.2
117,117,1694915820000,0.4851,0.4853,0.4848,0.485,50500.5
118,118,1694915880000,0.485,0.485,0.4844,0.4844,9545.0
119,119,1694915940000,0.4845,0.4847,0.4841,0.4847,12504.9
120,120,1694916000000,0.4848,0.4849,0.4836,0.4837,57583.0
121,121,1694916060000,0.4837,0.4841,0.4837,0.4841,11927.8
122,122,1694916120000,0.4841,0.4841,0.4836,0.484,15296.0
123,123,1694916180000,0.484,0.4843,0.4834,0.4834,20583.2
124,124,1694916240000,0.4834,0.484,0.4834,0.4838,13985.1
125,125,1694916300000,0.4839,0.4845,0.4839,0.484,32545.3
126,126,1694916360000,0.484,0.484,0.4832,0.4834,18104.4
127,127,1694916420000,0.4835,0.4836,0.4832,0.4836,13275.8
128,128,1694916480000,0.4837,0.4846,0.4837,0.4843,9456.8
129,129,1694916540000,0.4843,0.4843,0.4837,0.4837,13204.7
130,130,1694916600000,0.4838,0.4841,0.4832,0.4832,12661.1
131,131,1694916660000,0.4832,0.4841,0.4832,0.484,19433.7
132,132,1694916720000,0.484,0.4846,0.484,0.4844,7767.5
133,133,1694916780000,0.4842,0.4846,0.4842,0.4844,5487.1
134,134,1694916840000,0.4843,0.4843,0.484,0.4842,6731.5
135,135,1694916900000,0.4843,0.4846,0.4843,0.4843,5363.8
136,136,1694916960000,0.4844,0.4856,0.4844,0.4856,14920.1
137,137,1694917020000,0.4856,0.4867,0.4856,0.4867,24335.0
138,138,1694917080000,0.4867,0.4871,0.4867,0.4869,16810.9
139,139,1694917140000,0.4869,0.4869,0.4864,0.4868,14015.8
140,140,1694917200000,0.4868,0.487,0.4865,0.487,10239.8
141,141,1694917260000,0.4872,0.4877,0.4872,0.4877,25049.7
142,142,1694917320000,0.4877,0.4877,0.4874,0.4876,17777.3
143,143,1694917380000,0.4875,0.4876,0.487,0.4873,24368.8
144,144,1694917440000,0.4873,0.4873,0.4867,0.4867,5982.7
145,145,1694917500000,0.4867,0.487,0.4861,0.4861,16999.6
146,146,1694917560000,0.4862,0.4866,0.4862,0.4866,12612.1
147,147,1694917620000,0.4864,0.4864,0.4855,0.4855,10333.3
148,148,1694917680000,0.4856,0.4857,0.4854,0.4854,6487.8
149,149,1694917740000,0.4853,0.4855,0.4853,0.4855,10356.3
150,150,1694917800000,0.4856,0.4864,0.4856,0.4859,7730.2
151,151,1694917860000,0.4857,0.4863,0.4852,0.4861,15314.9
152,152,1694917920000,0.486,0.486,0.4853,0.4855,8737.7
153,153,1694917980000,0.4854,0.4854,0.484,0.4841,24896.5
154,154,1694918040000,0.4841,0.4842,0.4839,0.484,10144.3
155,155,1694918100000,0.4841,0.485,0.4841,0.4846,9021.6
156,156,1694918160000,0.4845,0.4851,0.4844,0.485,8230.2
157,157,1694918220000,0.4849,0.4854,0.4848,0.4854,7125.9
158,158,1694918280000,0.4855,0.486,0.4855,0.486,10389.2
159,159,1694918340000,0.4859,0.4859,0.4855,0.4856,8404.7
160,160,1694918400000,0.4855,0.4856,0.4854,0.4856,5684.2
161,161,1694918460000,0.4857,0.4857,0.4855,0.4857,6486.7
162,162,1694918520000,0.4857,0.4861,0.4857,0.4861,7393.2
163,163,1694918580000,0.4862,0.4864,0.4862,0.4864,1235.8
164,164,1694918640000,0.4864,0.4867,0.4864,0.4866,6035.4
165,165,1694918700000,0.4866,0.4877,0.4866,0.4877,11261.7
166,166,1694918760000,0.4877,0.4877,0.4872,0.4872,6562.8
167,167,1694918820000,0.4872,0.4875,0.4866,0.4872,28159.3
168,168,1694918880000,0.4874,0.4877,0.4872,0.4877,11577.1
169,169,1694918940000,0.4878,0.4878,0.4873,0.4873,4198.7
170,170,1694919000000,0.4873,0.4873,0.4867,0.4868,8561.7
171,171,1694919060000,0.4868,0.4868,0.4864,0.4864,6940.1
172,172,1694919120000,0.4864,0.487,0.4864,0.487,4522.5
173,173,1694919180000,0.4871,0.4872,0.4871,0.4871,2110.6
174,174,1694919240000,0.487,0.487,0.4866,0.487,17896.8
175,175,1694919300000,0.487,0.4875,0.487,0.4873,18822.1
176,176,1694919360000,0.4872,0.4875,0.4872,0.4873,3870.4
177,177,1694919420000,0.4873,0.4876,0.4871,0.4874,15101.8
178,178,1694919480000,0.4875,0.4876,0.4871,0.4871,11469.6
179,179,1694919540000,0.4871,0.4873,0.4871,0.4873,3376.7
180,180,1694919600000,0.4872,0.4875,0.4869,0.487,8814.0
181,181,1694919660000,0.487,0.487,0.4861,0.4861,12542.8
182,182,1694919720000,0.4861,0.4863,0.4856,0.4856,26603.0
183,183,1694919780000,0.4857,0.4865,0.4857,0.4865,17772.9
184,184,1694919840000,0.4866,0.4868,0.486,0.4863,14152.1
185,185,1694919900000,0.4862,0.4865,0.4861,0.4862,18182.2
186,186,1694919960000,0.4861,0.4861,0.4857,0.4857,11068.3
187,187,1694920020000,0.4858,0.4861,0.4856,0.4856,13180.6
188,188,1694920080000,0.4857,0.4862,0.4856,0.4859,24933.3
189,189,1694920140000,0.4859,0.4859,0.4855,0.4859,13139.8
190,190,1694920200000,0.4859,0.486,0.4854,0.4854,24015.8
191,191,1694920260000,0.4854,0.4857,0.4854,0.4854,7137.7
192,192,1694920320000,0.4854,0.4863,0.4854,0.486,34779.1
193,193,1694920380000,0.486,0.4862,0.4856,0.4856,15254.3
194,194,1694920440000,0.4856,0.486,0.4856,0.486,5246.6
195,195,1694920500000,0.4861,0.4866,0.4861,0.4865,13715.2
196,196,1694920560000,0.4865,0.4869,0.4864,0.4869,10343.8
197,197,1694920620000,0.4869,0.4874,0.4868,0.4873,11817.1
198,198,1694920680000,0.4873,0.4873,0.4872,0.4873,4158.4
199,199,1694920740000,0.4873,0.488,0.4873,0.4876,23358.5
200,200,1694920800000,0.4876,0.4877,0.4871,0.4871,16321.9
201,201,1694920860000,0.4872,0.4873,0.4872,0.4873,1232.4
202,202,1694920920000,0.4874,0.4876,0.4873,0.4873,5167.0
203,203,1694920980000,0.4874,0.4874,0.4869,0.4873,13415.8
204,204,1694921040000,0.4873,0.4873,0.4868,0.487,10510.0
205,205,1694921100000,0.4871,0.4872,0.487,0.4872,5020.3
206,206,1694921160000,0.4872,0.488,0.4872,0.488,5780.0
207,207,1694921220000,0.488,0.488,0.4878,0.4878,7560.6
208,208,1694921280000,0.4878,0.4878,0.4878,0.4878,431.9
209,209,1694921340000,0.4878,0.4879,0.4878,0.4879,249.6
210,210,1694921400000,0.4879,0.4881,0.487,0.4879,42872.5
211,211,1694921460000,0.4878,0.4878,0.487,0.4873,18011.4
212,212,1694921520000,0.4873,0.4873,0.4871,0.4873,4004.7
213,213,1694921580000,0.4873,0.4874,0.4872,0.4872,4127.6
214,214,1694921640000,0.4872,0.4872,0.487,0.487,4610.2
215,215,1694921700000,0.4871,0.4879,0.4871,0.4876,11306.7
216,216,1694921760000,0.4876,0.4879,0.4876,0.4878,2619.2
217,217,1694921820000,0.4877,0.4882,0.4877,0.4882,1956.9
218,218,1694921880000,0.4883,0.4887,0.4876,0.4876,34678.5
219,219,1694921940000,0.4876,0.4884,0.4876,0.4884,3656.8
220,220,1694922000000,0.4884,0.4884,0.4882,0.4884,3622.0
221,221,1694922060000,0.4885,0.4885,0.4878,0.488,30424.1
222,222,1694922120000,0.4881,0.4882,0.4876,0.4876,2283.3
223,223,1694922180000,0.4876,0.4877,0.4875,0.4877,2751.8
224,224,1694922240000,0.4878,0.4878,0.4877,0.4878,3253.6
225,225,1694922300000,0.4878,0.4881,0.4878,0.4881,2445.9
226,226,1694922360000,0.4881,0.4881,0.4881,0.4881,0.0
227,227,1694922420000,0.4881,0.4887,0.4881,0.4886,11516.2
228,228,1694922480000,0.4886,0.4889,0.4886,0.4889,4496.0
229,229,1694922540000,0.4889,0.4891,0.4889,0.489,6654.7
230,230,1694922600000,0.489,0.489,0.4889,0.489,803.1
231,231,1694922660000,0.4891,0.4896,0.4891,0.4895,5991.0
232,232,1694922720000,0.4894,0.4894,0.4887,0.4889,21403.2
233,233,1694922780000,0.489,0.4891,0.4889,0.4889,2778.1
234,234,1694922840000,0.489,0.4893,0.489,0.4891,3457.8
235,235,1694922900000,0.489,0.4896,0.489,0.4895,12071.1
236,236,1694922960000,0.4894,0.4894,0.4892,0.4894,6106.1
237,237,1694923020000,0.4894,0.4896,0.4894,0.4895,7438.6
238,238,1694923080000,0.4894,0.4894,0.4892,0.4892,3524.1
239,239,1694923140000,0.4893,0.4896,0.4891,0.4896,10931.8
240,240,1694923200000,0.4895,0.4897,0.4892,0.4896,35014.4
241,241,1694923260000,0.4896,0.4896,0.4887,0.4888,21466.8
242,242,1694923320000,0.4888,0.4888,0.4882,0.4885,13230.6
243,243,1694923380000,0.4885,0.4891,0.4885,0.4891,10964.0
244,244,1694923440000,0.4891,0.4891,0.4889,0.489,9117.2
245,245,1694923500000,0.4891,0.4893,0.4885,0.4885,17557.4
246,246,1694923560000,0.4884,0.4884,0.4872,0.4872,24968.6
247,247,1694923620000,0.4872,0.4876,0.4872,0.4874,10960.6
248,248,1694923680000,0.4874,0.4874,0.4869,0.487,10420.5
249,249,1694923740000,0.487,0.4875,0.487,0.4871,7854.5
250,250,1694923800000,0.4871,0.4874,0.4869,0.4872,17065.4
251,251,1694923860000,0.4871,0.4879,0.4871,0.4879,16210.1
252,252,1694923920000,0.4878,0.4881,0.4878,0.4878,8391.9
253,253,1694923980000,0.4877,0.488,0.4877,0.4878,7428.3
254,254,1694924040000,0.4879,0.4883,0.4879,0.488,8564.5
255,255,1694924100000,0.4879,0.4881,0.4879,0.488,10239.3
256,256,1694924160000,0.488,0.4881,0.4876,0.488,7346.2
257,257,1694924220000,0.4882,0.4885,0.4882,0.4885,6145.5
258,258,1694924280000,0.4886,0.4886,0.4872,0.488,92595.5
259,259,1694924340000,0.488,0.488,0.488,0.488,728.0
260,260,1694924400000,0.488,0.4882,0.488,0.4882,1861.5
261,261,1694924460000,0.4882,0.4884,0.4878,0.4878,9125.4
262,262,1694924520000,0.4879,0.488,0.4878,0.488,4744.8
263,263,1694924580000,0.4881,0.4884,0.4881,0.4882,5455.6
264,264,1694924640000,0.488,0.4881,0.488,0.488,996.8
265,265,1694924700000,0.488,0.488,0.4876,0.4876,4152.8
266,266,1694924760000,0.4876,0.4876,0.4875,0.4876,3409.3
267,267,1694924820000,0.4876,0.4876,0.4876,0.4876,205.5
268,268,1694924880000,0.4876,0.4876,0.4872,0.4872,3693.3
269,269,1694924940000,0.4873,0.4875,0.4873,0.4873,4129.7
270,270,1694925000000,0.4872,0.4878,0.4872,0.4878,3190.1
271,271,1694925060000,0.488,0.488,0.4879,0.4879,257.6
272,272,1694925120000,0.4881,0.4882,0.4876,0.4879,8861.6
273,273,1694925180000,0.4881,0.4884,0.4881,0.4884,6969.6
274,274,1694925240000,0.4885,0.4885,0.4877,0.4879,11605.2
275,275,1694925300000,0.4879,0.4885,0.4877,0.4884,20962.6
276,276,1694925360000,0.4885,0.4887,0.4882,0.4884,13071.9
277,277,1694925420000,0.4886,0.4891,0.4886,0.489,7820.6
278,278,1694925480000,0.489,0.4896,0.489,0.4896,13708.1
279,279,1694925540000,0.4895,0.4895,0.489,0.4894,11507.7
280,280,1694925600000,0.4894,0.4896,0.489,0.4891,12932.5
281,281,1694925660000,0.4891,0.4894,0.4891,0.4894,1967.4
282,282,1694925720000,0.4894,0.4895,0.4894,0.4895,176.3
283,283,1694925780000,0.4894,0.4895,0.4894,0.4895,524.3
284,284,1694925840000,0.4896,0.4897,0.4894,0.4894,5892.6
285,285,1694925900000,0.4895,0.4898,0.4894,0.4894,24430.9
286,286,1694925960000,0.4893,0.4893,0.4885,0.4891,17863.3
287,287,1694926020000,0.4891,0.4894,0.489,0.4892,4950.2
288,288,1694926080000,0.4893,0.4895,0.4893,0.4893,7904.3
289,289,1694926140000,0.4893,0.4898,0.4893,0.4898,5050.8
290,290,1694926200000,0.4897,0.4906,0.4897,0.4903,28174.3
291,291,1694926260000,0.4903,0.4909,0.4903,0.4906,42910.0
292,292,1694926320000,0.4907,0.4911,0.4907,0.491,28542.3
293,293,1694926380000,0.491,0.4912,0.4903,0.4909,38173.7
294,294,1694926440000,0.4909,0.4912,0.4904,0.4908,36079.4
295,295,1694926500000,0.4908,0.4915,0.4908,0.4914,21746.9
296,296,1694926560000,0.4915,0.4918,0.4913,0.4914,11446.9
297,297,1694926620000,0.4915,0.492,0.4915,0.492,10047.5
298,298,1694926680000,0.4919,0.492,0.4916,0.4918,6379.0
299,299,1694926740000,0.4918,0.4924,0.4918,0.4918,55282.0
300,300,1694926800000,0.4919,0.4921,0.4918,0.492,5917.4
301,301,1694926860000,0.4919,0.4919,0.4915,0.4915,15287.0
302,302,1694926920000,0.4912,0.4914,0.491,0.4913,6883.7
303,303,1694926980000,0.4912,0.4912,0.4902,0.4902,21320.4
304,304,1694927040000,0.4903,0.4905,0.4903,0.4904,4293.3
305,305,1694927100000,0.4903,0.4903,0.489,0.4899,105163.0
306,306,1694927160000,0.4899,0.4905,0.4899,0.4902,18489.6
307,307,1694927220000,0.4903,0.491,0.4903,0.4909,15030.5
308,308,1694927280000,0.4909,0.4913,0.4909,0.4911,7106.3
309,309,1694927340000,0.4913,0.4917,0.4913,0.4917,6877.6
310,310,1694927400000,0.4917,0.4917,0.4913,0.4917,13252.4
311,311,1694927460000,0.4916,0.4921,0.4916,0.4918,14281.8
312,312,1694927520000,0.4918,0.4918,0.4912,0.4912,13212.2
313,313,1694927580000,0.4912,0.4912,0.4907,0.491,3925.4
314,314,1694927640000,0.491,0.4915,0.4909,0.4915,5828.6
315,315,1694927700000,0.4914,0.4914,0.4909,0.4909,16323.7
316,316,1694927760000,0.4909,0.491,0.4907,0.4909,4611.9
317,317,1694927820000,0.4909,0.4909,0.4902,0.4904,10145.6
318,318,1694927880000,0.4903,0.4904,0.4899,0.49,11313.2
319,319,1694927940000,0.49,0.49,0.4897,0.4898,3559.7
320,320,1694928000000,0.4898,0.49,0.4897,0.49,1114.4
321,321,1694928060000,0.49,0.4902,0.4897,0.4897,16970.2
322,322,1694928120000,0.4897,0.4897,0.4889,0.4891,9788.4
323,323,1694928180000,0.4891,0.4891,0.4883,0.4887,48119.8
324,324,1694928240000,0.4887,0.489,0.4884,0.4884,13684.7
325,325,1694928300000,0.4884,0.4887,0.4883,0.4885,14909.4
326,326,1694928360000,0.4886,0.4887,0.4883,0.4884,7208.5
327,327,1694928420000,0.4885,0.4888,0.4884,0.4887,3605.5
328,328,1694928480000,0.4888,0.4893,0.4888,0.489,9165.2
329,329,1694928540000,0.489,0.489,0.4884,0.4885,7367.9
330,330,1694928600000,0.4886,0.4892,0.4884,0.4892,14267.1
331,331,1694928660000,0.4892,0.4892,0.4888,0.4888,5310.9
332,332,1694928720000,0.4888,0.4888,0.4884,0.4884,7059.8
333,333,1694928780000,0.4884,0.4884,0.4881,0.4883,11561.4
334,334,1694928840000,0.4884,0.4884,0.4884,0.4884,181.1
335,335,1694928900000,0.4884,0.4884,0.488,0.4883,15974.3
336,336,1694928960000,0.4882,0.4882,0.488,0.488,1111.4
337,337,1694929020000,0.488,0.488,0.4878,0.4878,7560.9
338,338,1694929080000,0.4878,0.4878,0.4875,0.4878,38667.4
339,339,1694929140000,0.4879,0.4879,0.4872,0.4872,12556.4
340,340,1694929200000,0.4872,0.4875,0.4872,0.4873,4189.2
341,341,1694929260000,0.4873,0.4873,0.4871,0.4871,3613.1
342,342,1694929320000,0.4871,0.4874,0.487,0.4874,11723.0
343,343,1694929380000,0.4874,0.4874,0.487,0.4871,6679.1
344,344,1694929440000,0.4871,0.4871,0.4867,0.4868,12271.4
345,345,1694929500000,0.4868,0.4873,0.4868,0.4873,6235.6
346,346,1694929560000,0.4874,0.4881,0.4874,0.4879,22168.9
347,347,1694929620000,0.4878,0.4886,0.4876,0.4885,15770.9
348,348,1694929680000,0.4885,0.4886,0.4881,0.4883,13566.1
349,349,1694929740000,0.4883,0.4883,0.4882,0.4882,464.3
350,350,1694929800000,0.4882,0.4883,0.488,0.4881,5777.3
351,351,1694929860000,0.4879,0.488,0.4878,0.488,5819.6
352,352,1694929920000,0.4879,0.4879,0.4878,0.4879,220.8
353,353,1694929980000,0.4879,0.4882,0.4877,0.4879,8107.6
354,354,1694930040000,0.488,0.4882,0.4879,0.4879,10745.9
355,355,1694930100000,0.4878,0.4879,0.4877,0.4877,1402.8
356,356,1694930160000,0.4875,0.4877,0.487,0.4872,29111.0
357,357,1694930220000,0.4873,0.4873,0.4868,0.4873,12641.5
358,358,1694930280000,0.4873,0.4874,0.4871,0.4871,4223.5
359,359,1694930340000,0.4872,0.4872,0.487,0.487,3696.3
360,360,1694930400000,0.4871,0.4876,0.4866,0.4876,34125.6
361,361,1694930460000,0.4875,0.4875,0.4868,0.487,7022.6
362,362,1694930520000,0.4869,0.4871,0.4866,0.4869,19851.7
363,363,1694930580000,0.4869,0.4872,0.4869,0.4869,9129.2
364,364,1694930640000,0.4869,0.4873,0.4869,0.4871,9875.2
365,365,1694930700000,0.4872,0.4878,0.4872,0.4876,19660.9
366,366,1694930760000,0.4876,0.4878,0.4875,0.4875,7686.6
367,367,1694930820000,0.4875,0.4879,0.4866,0.4868,18645.5
368,368,1694930880000,0.4868,0.4868,0.4861,0.4861,10729.9
369,369,1694930940000,0.4859,0.486,0.4856,0.4857,10693.3
370,370,1694931000000,0.4858,0.486,0.4857,0.4859,8696.9
371,371,1694931060000,0.4858,0.4859,0.4855,0.4857,14035.1
372,372,1694931120000,0.4856,0.4859,0.4855,0.4855,15463.5
373,373,1694931180000,0.4856,0.4858,0.4854,0.4858,12636.5
374,374,1694931240000,0.4858,0.4866,0.4858,0.4865,15243.9
375,375,1694931300000,0.4866,0.487,0.4864,0.4868,16145.7
376,376,1694931360000,0.4868,0.4872,0.4868,0.4869,12608.1
377,377,1694931420000,0.487,0.4871,0.4865,0.4869,11223.4
378,378,1694931480000,0.4869,0.4869,0.4863,0.4863,5798.9
379,379,1694931540000,0.4864,0.4866,0.486,0.4862,7880.5
380,380,1694931600000,0.4863,0.4869,0.4863,0.4868,4754.3
381,381,1694931660000,0.4867,0.4869,0.4867,0.4869,2424.9
382,382,1694931720000,0.4869,0.4871,0.486,0.486,12386.0
383,383,1694931780000,0.4861,0.4868,0.4859,0.4861,10965.5
384,384,1694931840000,0.4861,0.4871,0.4861,0.487,19807.9
385,385,1694931900000,0.487,0.487,0.4861,0.4862,8040.6
386,386,1694931960000,0.4863,0.4865,0.4863,0.4865,2031.2
387,387,1694932020000,0.4866,0.4869,0.4863,0.4863,10321.4
388,388,1694932080000,0.4864,0.4869,0.4864,0.4867,7822.0
389,389,1694932140000,0.4867,0.4867,0.4863,0.4864,6290.8
390,390,1694932200000,0.4865,0.4867,0.4864,0.4867,6746.7
391,391,1694932260000,0.4867,0.4867,0.4862,0.4862,5999.1
392,392,1694932320000,0.4861,0.4861,0.4859,0.486,3734.0
393,393,1694932380000,0.486,0.4861,0.4858,0.4861,7168.2
394,394,1694932440000,0.4862,0.4867,0.4862,0.4865,7985.2
395,395,1694932500000,0.4864,0.4868,0.4862,0.4865,16784.3
396,396,1694932560000,0.4866,0.4876,0.4866,0.4875,16093.7
397,397,1694932620000,0.4876,0.488,0.4876,0.488,6518.1
398,398,1694932680000,0.488,0.4881,0.4879,0.488,3116.3
399,399,1694932740000,0.4881,0.4884,0.4881,0.4884,5542.3
400,400,1694932800000,0.4884,0.4885,0.4876,0.4877,13708.9
401,401,1694932860000,0.4877,0.4877,0.4874,0.4876,4991.8
402,402,1694932920000,0.4876,0.488,0.4876,0.4877,14236.3
403,403,1694932980000,0.4876,0.4876,0.4875,0.4875,228.4
404,404,1694933040000,0.4874,0.4875,0.4872,0.4872,3432.4
405,405,1694933100000,0.4873,0.4877,0.4873,0.4877,4198.7
406,406,1694933160000,0.4877,0.4877,0.4871,0.4872,1915.2
407,407,1694933220000,0.4872,0.4878,0.4872,0.4878,6348.8
408,408,1694933280000,0.4878,0.4878,0.4873,0.4874,12040.6
409,409,1694933340000,0.4875,0.4876,0.4875,0.4875,206.0
410,410,1694933400000,0.4875,0.4875,0.4873,0.4874,2810.3
411,411,1694933460000,0.4873,0.4878,0.4873,0.4876,7749.0
412,412,1694933520000,0.4877,0.4878,0.4877,0.4878,4689.5
413,413,1694933580000,0.4879,0.4886,0.4878,0.4882,25676.8
414,414,1694933640000,0.4883,0.4885,0.4883,0.4883,2210.6
415,415,1694933700000,0.4883,0.4889,0.4883,0.4888,5370.9
416,416,1694933760000,0.4887,0.4888,0.4884,0.4888,7766.4
417,417,1694933820000,0.4888,0.489,0.4887,0.4889,2369.8
418,418,1694933880000,0.4888,0.4888,0.4885,0.4887,2231.8
419,419,1694933940000,0.4886,0.489,0.4876,0.4889,50549.6
420,420,1694934000000,0.4888,0.4891,0.4881,0.4881,9695.0
421,421,1694934060000,0.4879,0.488,0.4876,0.4876,8714.1
422,422,1694934120000,0.4876,0.4876,0.4872,0.4872,8427.0
423,423,1694934180000,0.4872,0.4872,0.4867,0.4867,13612.4
424,424,1694934240000,0.4866,0.4868,0.4859,0.4863,41569.3
425,425,1694934300000,0.4863,0.4864,0.486,0.486,9225.8
426,426,1694934360000,0.486,0.4863,0.486,0.4863,13105.1
427,427,1694934420000,0.4863,0.4868,0.4863,0.4864,14057.1
428,428,1694934480000,0.4864,0.4868,0.4863,0.4865,18035.9
429,429,1694934540000,0.4864,0.4869,0.4862,0.4867,19645.4
430,430,1694934600000,0.4866,0.4866,0.4863,0.4865,4028.7
431,431,1694934660000,0.4865,0.4865,0.4857,0.4858,13651.1
432,432,1694934720000,0.4858,0.4859,0.4857,0.4859,4470.7
433,433,1694934780000,0.4859,0.4868,0.4859,0.4866,19490.3
434,434,1694934840000,0.4865,0.4865,0.4861,0.4865,18736.7
435,435,1694934900000,0.4865,0.4872,0.4865,0.4868,26301.3
436,436,1694934960000,0.4867,0.4869,0.4866,0.4869,3890.5
437,437,1694935020000,0.487,0.4872,0.487,0.4871,10312.9
438,438,1694935080000,0.487,0.4877,0.487,0.4877,9204.6
439,439,1694935140000,0.4877,0.4877,0.4872,0.4872,4380.9
440,440,1694935200000,0.4873,0.4873,0.4872,0.4872,1498.4
441,441,1694935260000,0.4872,0.4872,0.4869,0.4872,7622.4
442,442,1694935320000,0.4872,0.4872,0.4872,0.4872,31.1
443,443,1694935380000,0.4873,0.4876,0.4873,0.4875,3523.5
444,444,1694935440000,0.4874,0.4875,0.4874,0.4874,750.3
445,445,1694935500000,0.4873,0.4874,0.4871,0.4873,1821.1
446,446,1694935560000,0.4873,0.4873,0.4873,0.4873,223.8
447,447,1694935620000,0.4873,0.4873,0.487,0.487,1523.0
448,448,1694935680000,0.4868,0.4869,0.4868,0.4869,346.3
449,449,1694935740000,0.4868,0.4869,0.4865,0.4869,6534.8
450,450,1694935800000,0.4868,0.4868,0.4867,0.4867,2164.8
451,451,1694935860000,0.4866,0.4866,0.4854,0.4856,27953.3
452,452,1694935920000,0.4856,0.4862,0.4856,0.4862,8440.1
453,453,1694935980000,0.4861,0.4861,0.4858,0.4859,4366.2
454,454,1694936040000,0.486,0.4861,0.486,0.4861,1811.7
455,455,1694936100000,0.4861,0.4861,0.486,0.4861,6741.5
456,456,1694936160000,0.4861,0.4861,0.4857,0.4857,4708.8
457,457,1694936220000,0.4858,0.486,0.4856,0.4856,10389.1
458,458,1694936280000,0.4857,0.4861,0.4857,0.4857,10545.0
459,459,1694936340000,0.4858,0.486,0.4857,0.4859,2379.1
460,460,1694936400000,0.4858,0.4859,0.4853,0.4854,17530.2
461,461,1694936460000,0.4855,0.4856,0.4854,0.4855,8580.3
462,462,1694936520000,0.4855,0.4856,0.4851,0.4852,19342.3
463,463,1694936580000,0.4851,0.4851,0.4849,0.4849,6652.5
464,464,1694936640000,0.4849,0.4849,0.4847,0.4849,11369.9
465,465,1694936700000,0.4849,0.4852,0.4848,0.4852,3602.8
466,466,1694936760000,0.4853,0.4853,0.4848,0.4849,10849.2
467,467,1694936820000,0.4849,0.4849,0.4844,0.4844,4280.8
468,468,1694936880000,0.4844,0.4846,0.4844,0.4845,4585.0
469,469,1694936940000,0.4844,0.4844,0.4842,0.4843,4778.6
470,470,1694937000000,0.4843,0.4843,0.4834,0.4834,15393.0
471,471,1694937060000,0.4835,0.4836,0.4831,0.4834,26521.4
472,472,1694937120000,0.4835,0.4836,0.483,0.4835,26067.7
473,473,1694937180000,0.4836,0.4839,0.4834,0.4834,18324.1
474,474,1694937240000,0.4834,0.4835,0.4833,0.4834,7034.4
475,475,1694937300000,0.4833,0.4833,0.4828,0.483,32308.3
476,476,1694937360000,0.483,0.4833,0.4829,0.4833,6372.4
477,477,1694937420000,0.4832,0.4832,0.4825,0.4826,19308.0
478,478,1694937480000,0.4827,0.4837,0.4827,0.4834,8980.6
479,479,1694937540000,0.4833,0.4833,0.483,0.4833,7677.0
480,480,1694937600000,0.4834,0.4835,0.4814,0.4823,122276.7
481,481,1694937660000,0.4822,0.4824,0.4819,0.4819,18927.8
482,482,1694937720000,0.4821,0.483,0.4821,0.4827,24629.6
483,483,1694937780000,0.4825,0.4834,0.4823,0.4824,36373.1
484,484,1694937840000,0.4824,0.4825,0.4823,0.4824,9208.1
485,485,1694937900000,0.4825,0.4834,0.4825,0.4834,53344.3
486,486,1694937960000,0.4835,0.4837,0.483,0.483,11617.2
487,487,1694938020000,0.483,0.4834,0.4824,0.4826,17618.1
488,488,1694938080000,0.4827,0.4832,0.4826,0.4831,13166.6
489,489,1694938140000,0.4829,0.483,0.4813,0.4819,83275.0
490,490,1694938200000,0.4821,0.4822,0.4817,0.4818,16178.7
491,491,1694938260000,0.4819,0.4822,0.4819,0.4822,16696.4
492,492,1694938320000,0.4822,0.4828,0.4822,0.4825,8836.9
493,493,1694938380000,0.4825,0.4859,0.4825,0.4857,164195.1
494,494,1694938440000,0.4859,0.4864,0.4853,0.4853,50918.9
495,495,1694938500000,0.4853,0.4856,0.4842,0.4842,27813.3
496,496,1694938560000,0.4842,0.4847,0.4842,0.4843,19602.5
497,497,1694938620000,0.4844,0.4846,0.4841,0.4841,17008.8
498,498,1694938680000,0.4841,0.4846,0.4841,0.4845,8443.7
499,499,1694938740000,0.4845,0.4845,0.4843,0.4843,6215.9
500,500,1694938800000,0.4843,0.4843,0.484,0.484,1422.1
501,501,1694938860000,0.484,0.4844,0.4839,0.4839,13491.0
502,502,1694938920000,0.484,0.4847,0.484,0.4842,18175.0
503,503,1694938980000,0.4841,0.4847,0.4841,0.4845,11061.4
504,504,1694939040000,0.4844,0.485,0.4842,0.4848,11293.0
505,505,1694939100000,0.4848,0.4848,0.4843,0.4847,8120.2
506,506,1694939160000,0.4846,0.4855,0.4846,0.4853,18599.0
507,507,1694939220000,0.4852,0.4854,0.4849,0.4854,10948.2
508,508,1694939280000,0.4853,0.4853,0.485,0.485,10362.8
509,509,1694939340000,0.4849,0.4852,0.4847,0.4852,6249.2
510,510,1694939400000,0.4851,0.4862,0.485,0.4857,27402.3
511,511,1694939460000,0.4857,0.4858,0.4855,0.4856,4978.2
512,512,1694939520000,0.4856,0.4858,0.4855,0.4858,5552.5
513,513,1694939580000,0.4858,0.4864,0.4857,0.4857,19013.6
514,514,1694939640000,0.4859,0.4886,0.4859,0.4882,63519.0
515,515,1694939700000,0.4882,0.4886,0.488,0.4884,34319.5
516,516,1694939760000,0.4883,0.4888,0.4882,0.4887,29359.6
517,517,1694939820000,0.4887,0.4889,0.4878,0.4878,22156.0
518,518,1694939880000,0.4876,0.4885,0.4875,0.4878,38228.2
519,519,1694939940000,0.4879,0.4882,0.4878,0.4882,10447.3
520,520,1694940000000,0.4883,0.489,0.4882,0.4887,18763.7
521,521,1694940060000,0.4889,0.4891,0.4888,0.489,2987.0
522,522,1694940120000,0.489,0.489,0.4884,0.4885,14815.9
523,523,1694940180000,0.4886,0.4887,0.4883,0.4886,10345.8
524,524,1694940240000,0.4886,0.4886,0.4883,0.4883,1785.1
525,525,1694940300000,0.4881,0.4884,0.4879,0.4884,7208.0
526,526,1694940360000,0.4885,0.4885,0.4881,0.4882,5829.6
527,527,1694940420000,0.4882,0.4884,0.4882,0.4884,1116.1
528,528,1694940480000,0.4883,0.4883,0.488,0.4882,8687.1
529,529,1694940540000,0.4882,0.4886,0.4882,0.4886,9904.1
530,530,1694940600000,0.4886,0.4888,0.4885,0.4888,7141.0
531,531,1694940660000,0.4887,0.4887,0.4883,0.4883,9696.4
532,532,1694940720000,0.4883,0.4884,0.4882,0.4884,5227.6
533,533,1694940780000,0.4885,0.4885,0.4879,0.4879,6493.3
534,534,1694940840000,0.4879,0.4882,0.4879,0.4882,7788.1
535,535,1694940900000,0.4882,0.4886,0.4882,0.4885,6727.5
536,536,1694940960000,0.4886,0.4888,0.4885,0.4885,3325.1
537,537,1694941020000,0.4884,0.4888,0.4884,0.4888,5036.7
538,538,1694941080000,0.4888,0.4889,0.4887,0.4887,6165.9
539,539,1694941140000,0.4888,0.489,0.4887,0.4889,5455.5
540,540,1694941200000,0.489,0.4895,0.489,0.4892,22252.1
541,541,1694941260000,0.4891,0.49,0.4887,0.4894,44457.9
542,542,1694941320000,0.4893,0.4893,0.4883,0.4884,14710.1
543,543,1694941380000,0.4885,0.4885,0.4881,0.4884,12790.6
544,544,1694941440000,0.4884,0.4884,0.4881,0.4882,10767.8
545,545,1694941500000,0.4883,0.4883,0.4878,0.4881,13517.6
546,546,1694941560000,0.4883,0.4883,0.4878,0.4881,10244.0
547,547,1694941620000,0.4881,0.4884,0.4881,0.4881,7461.8
548,548,1694941680000,0.4881,0.4881,0.4877,0.4877,11678.5
549,549,1694941740000,0.4877,0.4884,0.4875,0.4883,24274.1
550,550,1694941800000,0.4884,0.4885,0.4879,0.488,6129.4
551,551,1694941860000,0.4881,0.4884,0.4881,0.4884,6915.2
552,552,1694941920000,0.4884,0.4887,0.4882,0.4883,5897.6
553,553,1694941980000,0.4883,0.4886,0.4883,0.4885,1633.3
554,554,1694942040000,0.4885,0.4885,0.488,0.4881,8784.2
555,555,1694942100000,0.4881,0.4882,0.4879,0.4879,5564.7
556,556,1694942160000,0.4878,0.4882,0.4877,0.4881,8066.0
557,557,1694942220000,0.4882,0.4883,0.4882,0.4882,1222.3
558,558,1694942280000,0.4882,0.4884,0.4881,0.4884,3403.9
559,559,1694942340000,0.4884,0.4885,0.4883,0.4883,4192.7
560,560,1694942400000,0.4883,0.4883,0.4881,0.4881,1757.4
561,561,1694942460000,0.4881,0.4884,0.4881,0.4884,2819.7
562,562,1694942520000,0.4885,0.4885,0.488,0.4882,3878.9
563,563,1694942580000,0.4882,0.4884,0.4876,0.4876,14925.3
564,564,1694942640000,0.4876,0.4882,0.4876,0.4878,7391.3
565,565,1694942700000,0.4876,0.4881,0.4874,0.4881,7361.4
566,566,1694942760000,0.4881,0.4889,0.4881,0.4886,49383.3
567,567,1694942820000,0.4886,0.4887,0.4882,0.4882,3970.7
568,568,1694942880000,0.4882,0.4883,0.4882,0.4882,1397.9
569,569,1694942940000,0.4883,0.4884,0.4881,0.4881,4425.6
570,570,1694943000000,0.4881,0.4884,0.4881,0.4884,7958.4
571,571,1694943060000,0.4883,0.4883,0.4877,0.4877,6951.3
572,572,1694943120000,0.4878,0.4878,0.4874,0.4874,11240.0
573,573,1694943180000,0.4874,0.4875,0.4872,0.4875,7587.7
574,574,1694943240000,0.4875,0.4875,0.4871,0.4872,6474.9
575,575,1694943300000,0.4872,0.4877,0.4872,0.4877,10302.8
576,576,1694943360000,0.4876,0.4876,0.4871,0.4874,11197.0
577,577,1694943420000,0.4875,0.4878,0.4875,0.4878,3133.2
578,578,1694943480000,0.4877,0.4878,0.4874,0.4874,8632.1
579,579,1694943540000,0.4874,0.4876,0.4874,0.4876,4631.0
580,580,1694943600000,0.4876,0.4876,0.4874,0.4876,6047.8
581,581,1694943660000,0.4877,0.4878,0.4875,0.4875,3643.2
582,582,1694943720000,0.4877,0.4877,0.4874,0.4874,1046.4
583,583,1694943780000,0.4874,0.4874,0.4873,0.4874,4889.6
584,584,1694943840000,0.4876,0.4876,0.4875,0.4876,2606.7
585,585,1694943900000,0.4878,0.4881,0.4877,0.4878,10383.8
586,586,1694943960000,0.4878,0.4879,0.4877,0.4877,3710.7
587,587,1694944020000,0.4877,0.4879,0.4875,0.4878,15099.1
588,588,1694944080000,0.4879,0.4879,0.4876,0.4876,1954.4
589,589,1694944140000,0.4876,0.4877,0.4875,0.4877,4208.9
590,590,1694944200000,0.4877,0.4881,0.4877,0.4878,23321.1
591,591,1694944260000,0.4879,0.4882,0.4876,0.4878,75204.2
592,592,1694944320000,0.4879,0.4884,0.4879,0.4882,24598.3
593,593,1694944380000,0.4881,0.4885,0.488,0.4882,72432.5
594,594,1694944440000,0.4882,0.4885,0.4877,0.4881,81383.4
595,595,1694944500000,0.4881,0.4881,0.4877,0.4881,19242.4
596,596,1694944560000,0.4881,0.4881,0.4879,0.488,21497.0
597,597,1694944620000,0.4879,0.4882,0.4878,0.4879,14478.3
598,598,1694944680000,0.4878,0.4881,0.4878,0.488,9803.5
599,599,1694944740000,0.4879,0.4884,0.4879,0.4882,23918.3
600,600,1694944800000,0.4881,0.4883,0.4879,0.4882,13421.8
601,601,1694944860000,0.4883,0.4891,0.4883,0.4891,38038.3
602,602,1694944920000,0.489,0.489,0.4886,0.4887,17024.8
603,603,1694944980000,0.4888,0.489,0.4886,0.4886,15473.1
604,604,1694945040000,0.4886,0.489,0.4886,0.4889,24344.7
605,605,1694945100000,0.4889,0.489,0.4887,0.4887,22101.7
606,606,1694945160000,0.4887,0.4888,0.4887,0.4888,5698.7
607,607,1694945220000,0.4887,0.489,0.4885,0.4885,30166.9
608,608,1694945280000,0.4885,0.4889,0.4885,0.4889,10990.8
609,609,1694945340000,0.4889,0.4889,0.4887,0.4887,946.5
610,610,1694945400000,0.4888,0.4891,0.4888,0.4888,12164.2
611,611,1694945460000,0.4888,0.4891,0.4888,0.4888,20589.4
612,612,1694945520000,0.4888,0.489,0.4888,0.4889,1243.5
613,613,1694945580000,0.4889,0.4889,0.4887,0.4889,3988.2
614,614,1694945640000,0.4889,0.4893,0.4889,0.4891,20424.2
615,615,1694945700000,0.4891,0.4891,0.4889,0.489,5226.8
616,616,1694945760000,0.489,0.489,0.4886,0.4888,14877.9
617,617,1694945820000,0.4888,0.4889,0.4886,0.4889,4196.9
618,618,1694945880000,0.4889,0.489,0.4889,0.4889,292.9
619,619,1694945940000,0.4889,0.4889,0.4888,0.4888,2987.7
620,620,1694946000000,0.489,0.4893,0.489,0.489,137390.8
621,621,1694946060000,0.489,0.4893,0.489,0.4891,27033.4
622,622,1694946120000,0.4891,0.4891,0.4886,0.4886,18640.3
623,623,1694946180000,0.4886,0.4889,0.4886,0.4889,5141.2
624,624,1694946240000,0.4889,0.4891,0.4887,0.489,23925.8
625,625,1694946300000,0.4889,0.489,0.4888,0.4889,3058.4
626,626,1694946360000,0.4889,0.4892,0.4889,0.489,29020.2
627,627,1694946420000,0.4889,0.4893,0.4889,0.4889,15915.9
628,628,1694946480000,0.4888,0.4889,0.4887,0.4889,6145.4
629,629,1694946540000,0.4888,0.4889,0.4888,0.4888,5001.3
630,630,1694946600000,0.4888,0.4889,0.4886,0.4889,15322.8
631,631,1694946660000,0.4889,0.4891,0.4887,0.489,31236.7
632,632,1694946720000,0.489,0.4894,0.489,0.4894,15615.5
633,633,1694946780000,0.4895,0.4897,0.4893,0.4897,7630.6
634,634,1694946840000,0.4897,0.4899,0.4897,0.4899,429.8
635,635,1694946900000,0.4899,0.4902,0.4897,0.4901,23562.6
636,636,1694946960000,0.4902,0.4905,0.4901,0.4903,6105.6
637,637,1694947020000,0.4904,0.4906,0.4901,0.4905,15696.5
638,638,1694947080000,0.4904,0.4904,0.4903,0.4903,9824.0
639,639,1694947140000,0.4903,0.4903,0.49,0.49,6636.8
640,640,1694947200000,0.4899,0.4906,0.4899,0.4906,8399.4
641,641,1694947260000,0.4906,0.4906,0.4903,0.4904,7972.0
642,642,1694947320000,0.4905,0.4906,0.4903,0.4906,8615.3
643,643,1694947380000,0.4905,0.491,0.4905,0.4909,46532.6
644,644,1694947440000,0.4908,0.4909,0.4907,0.4909,3091.4
645,645,1694947500000,0.4908,0.4908,0.4904,0.4904,9631.4
646,646,1694947560000,0.4903,0.4905,0.4897,0.4899,21705.7
647,647,1694947620000,0.4899,0.4902,0.4898,0.4902,3927.5
648,648,1694947680000,0.4903,0.4905,0.4903,0.4904,4214.1
649,649,1694947740000,0.4904,0.4906,0.4904,0.4906,5220.0
650,650,1694947800000,0.4906,0.4906,0.4905,0.4905,2781.1
651,651,1694947860000,0.4905,0.4905,0.4905,0.4905,721.4
652,652,1694947920000,0.4905,0.4905,0.49,0.49,5992.5
653,653,1694947980000,0.4899,0.4899,0.4893,0.4895,37670.4
654,654,1694948040000,0.4897,0.4901,0.4893,0.49,10042.8
655,655,1694948100000,0.4899,0.4902,0.4899,0.4902,2130.6
656,656,1694948160000,0.4902,0.4903,0.4902,0.4902,2697.2
657,657,1694948220000,0.4901,0.4901,0.4899,0.49,7930.0
658,658,1694948280000,0.4899,0.49,0.4898,0.4898,2427.8
659,659,1694948340000,0.4899,0.4902,0.4899,0.4902,2359.5
660,660,1694948400000,0.4903,0.4909,0.4902,0.4908,37391.1
661,661,1694948460000,0.4907,0.4907,0.49,0.4903,19457.6
662,662,1694948520000,0.4903,0.4904,0.4903,0.4903,399.1
663,663,1694948580000,0.4903,0.4907,0.4903,0.4904,6071.3
664,664,1694948640000,0.4904,0.4904,0.4896,0.4897,5283.5
665,665,1694948700000,0.4897,0.4901,0.4897,0.4901,19349.1
666,666,1694948760000,0.4901,0.4901,0.4895,0.4896,10241.8
667,667,1694948820000,0.4896,0.4896,0.4888,0.489,30933.5
668,668,1694948880000,0.489,0.4892,0.4889,0.4889,12841.5
669,669,1694948940000,0.4889,0.4889,0.4882,0.4883,24755.3
670,670,1694949000000,0.4883,0.4884,0.4882,0.4884,2750.1
671,671,1694949060000,0.4884,0.4885,0.4884,0.4884,525.2
672,672,1694949120000,0.4885,0.4885,0.4883,0.4884,3922.7
673,673,1694949180000,0.4883,0.4885,0.4879,0.4883,7551.3
674,674,1694949240000,0.4883,0.4885,0.4883,0.4885,4841.0
675,675,1694949300000,0.4885,0.4885,0.4883,0.4883,3457.6
676,676,1694949360000,0.4884,0.4887,0.4884,0.4885,5563.7
677,677,1694949420000,0.4885,0.4889,0.4885,0.4889,3329.2
678,678,1694949480000,0.4888,0.489,0.4888,0.489,1566.1
679,679,1694949540000,0.4891,0.4893,0.4891,0.4892,8923.1
680,680,1694949600000,0.4893,0.4894,0.4892,0.4893,4256.9
681,681,1694949660000,0.4893,0.4893,0.4892,0.4892,2283.3
682,682,1694949720000,0.4892,0.4898,0.4892,0.4898,5755.2
683,683,1694949780000,0.4897,0.4898,0.4889,0.4892,17443.6
684,684,1694949840000,0.4892,0.4892,0.4886,0.4887,14629.8
685,685,1694949900000,0.4887,0.4889,0.4887,0.4888,2273.3
686,686,1694949960000,0.4888,0.4888,0.4887,0.4887,36.0
687,687,1694950020000,0.4888,0.489,0.4888,0.489,3808.2
688,688,1694950080000,0.489,0.4891,0.489,0.4891,1859.7
689,689,1694950140000,0.4891,0.4891,0.489,0.489,141.3
690,690,1694950200000,0.489,0.4892,0.4887,0.4892,5072.7
691,691,1694950260000,0.4891,0.4891,0.4883,0.4887,19733.2
692,692,1694950320000,0.4888,0.4888,0.4887,0.4887,1285.8
693,693,1694950380000,0.4888,0.4894,0.4888,0.4891,10476.0
694,694,1694950440000,0.4892,0.4893,0.4892,0.4893,4831.7
695,695,1694950500000,0.4893,0.4893,0.4892,0.4892,1553.2
696,696,1694950560000,0.4892,0.4897,0.4892,0.4896,11628.3
697,697,1694950620000,0.4897,0.4897,0.4895,0.4896,1849.4
698,698,1694950680000,0.4895,0.49,0.4895,0.4899,16646.4
699,699,1694950740000,0.4899,0.4899,0.4898,0.4899,1708.3
700,700,1694950800000,0.4899,0.49,0.4898,0.4898,2940.1
701,701,1694950860000,0.4898,0.4898,0.4897,0.4897,1688.6
702,702,1694950920000,0.4898,0.4902,0.4898,0.4902,4212.5
703,703,1694950980000,0.4902,0.4903,0.4901,0.4902,1698.2
704,704,1694951040000,0.4902,0.4905,0.4902,0.4904,5802.3
705,705,1694951100000,0.4903,0.4904,0.4897,0.4898,13615.2
706,706,1694951160000,0.4898,0.49,0.4898,0.4899,7878.7
707,707,1694951220000,0.4899,0.4899,0.4892,0.4892,7802.1
708,708,1694951280000,0.4892,0.4892,0.4888,0.4889,21666.4
709,709,1694951340000,0.4889,0.489,0.4886,0.4887,6796.3
710,710,1694951400000,0.4886,0.4886,0.488,0.4881,12264.3
711,711,1694951460000,0.4882,0.4885,0.488,0.4885,18497.3
712,712,1694951520000,0.4884,0.4884,0.4883,0.4883,2810.3
713,713,1694951580000,0.4882,0.4885,0.4881,0.4883,6170.4
714,714,1694951640000,0.4883,0.4883,0.4879,0.4882,10243.2
715,715,1694951700000,0.4883,0.4883,0.4882,0.4883,3909.0
716,716,1694951760000,0.4883,0.4886,0.4883,0.4885,2629.1
717,717,1694951820000,0.4886,0.4886,0.4884,0.4884,2028.6
718,718,1694951880000,0.4883,0.4884,0.4882,0.4883,2318.0
719,719,1694951940000,0.4881,0.4882,0.488,0.4881,1997.2
720,720,1694952000000,0.488,0.4884,0.4874,0.4884,47409.9
721,721,1694952060000,0.4883,0.4887,0.4878,0.4887,15745.8
722,722,1694952120000,0.4887,0.4893,0.4886,0.4891,22342.1
723,723,1694952180000,0.4892,0.49,0.4892,0.4899,33372.7
724,724,1694952240000,0.4899,0.4899,0.4891,0.4891,19303.8
725,725,1694952300000,0.4891,0.4893,0.4891,0.4892,22012.7
726,726,1694952360000,0.4893,0.4899,0.489,0.4893,33714.2
727,727,1694952420000,0.4893,0.4897,0.4891,0.4895,18457.5
728,728,1694952480000,0.4896,0.4896,0.4895,0.4895,12756.9
729,729,1694952540000,0.4895,0.4896,0.4894,0.4894,8796.7
730,730,1694952600000,0.4892,0.49,0.4892,0.4899,27065.7
731,731,1694952660000,0.49,0.4901,0.4899,0.4899,10400.5
732,732,1694952720000,0.4899,0.4904,0.4899,0.4903,24973.5
733,733,1694952780000,0.4903,0.4904,0.4903,0.4903,3597.9
734,734,1694952840000,0.4904,0.4904,0.49,0.4903,12987.6
735,735,1694952900000,0.4903,0.4905,0.4903,0.4903,21325.0
736,736,1694952960000,0.4904,0.4905,0.4903,0.4904,4115.6
737,737,1694953020000,0.4904,0.4904,0.4901,0.4901,4873.7
738,738,1694953080000,0.4901,0.4906,0.49,0.4905,19057.3
739,739,1694953140000,0.4904,0.4904,0.4901,0.4902,9076.6
740,740,1694953200000,0.4901,0.4906,0.49,0.4905,11086.0
741,741,1694953260000,0.4904,0.4907,0.4901,0.4901,9666.5
742,742,1694953320000,0.4902,0.4903,0.4902,0.4902,1693.6
743,743,1694953380000,0.4903,0.4904,0.4902,0.4902,3358.7
744,744,1694953440000,0.4899,0.4899,0.4897,0.4898,4275.6
745,745,1694953500000,0.4897,0.4899,0.4891,0.4899,23955.5
746,746,1694953560000,0.4902,0.4903,0.4899,0.49,4253.7
747,747,1694953620000,0.4899,0.49,0.4897,0.4897,1386.9
748,748,1694953680000,0.4898,0.4898,0.4898,0.4898,420.5
749,749,1694953740000,0.4898,0.4912,0.4898,0.4908,75956.6
750,750,1694953800000,0.4907,0.4912,0.4906,0.491,9353.5
751,751,1694953860000,0.491,0.4912,0.4908,0.491,15973.8
752,752,1694953920000,0.491,0.491,0.4906,0.4909,15963.4
753,753,1694953980000,0.4909,0.491,0.4905,0.4908,16769.2
754,754,1694954040000,0.4908,0.491,0.4905,0.4906,10873.8
755,755,1694954100000,0.4906,0.4906,0.4904,0.4904,2170.2
756,756,1694954160000,0.4903,0.491,0.4902,0.4907,9707.1
757,757,1694954220000,0.4907,0.4909,0.4904,0.4909,14531.8
758,758,1694954280000,0.4906,0.4906,0.4904,0.4905,3627.3
759,759,1694954340000,0.4907,0.4907,0.4906,0.4907,1738.3
760,760,1694954400000,0.4907,0.491,0.4907,0.4909,4279.8
761,761,1694954460000,0.4908,0.4908,0.4908,0.4908,301.6
762,762,1694954520000,0.4907,0.4907,0.4906,0.4906,2651.6
763,763,1694954580000,0.4905,0.4905,0.4903,0.4903,3308.1
764,764,1694954640000,0.4904,0.4906,0.4902,0.4905,6255.0
765,765,1694954700000,0.4904,0.4906,0.4899,0.4899,9876.6
766,766,1694954760000,0.4898,0.4898,0.4894,0.4897,7306.1
767,767,1694954820000,0.4897,0.4901,0.4897,0.4898,22341.6
768,768,1694954880000,0.4898,0.4898,0.4893,0.4897,13061.9
769,769,1694954940000,0.4896,0.4896,0.4891,0.4893,18246.0
770,770,1694955000000,0.4892,0.4893,0.4883,0.4889,116956.7
771,771,1694955060000,0.489,0.4892,0.4886,0.4891,17057.4
772,772,1694955120000,0.489,0.4893,0.4878,0.489,88078.1
773,773,1694955180000,0.4889,0.4889,0.4887,0.4887,7515.9
774,774,1694955240000,0.4887,0.4888,0.4883,0.4888,14059.7
775,775,1694955300000,0.4887,0.4888,0.4886,0.4886,5893.1
776,776,1694955360000,0.4886,0.4888,0.4885,0.4888,4688.9
777,777,1694955420000,0.4888,0.4889,0.4888,0.4888,6813.9
778,778,1694955480000,0.4889,0.4892,0.4889,0.4892,11244.6
779,779,1694955540000,0.4891,0.4892,0.489,0.489,324.4
780,780,1694955600000,0.4891,0.4891,0.4883,0.4883,12580.5
781,781,1694955660000,0.4882,0.4888,0.488,0.4886,27230.2
782,782,1694955720000,0.4886,0.489,0.4885,0.489,10200.3
783,783,1694955780000,0.489,0.489,0.4887,0.4887,2310.5
784,784,1694955840000,0.4886,0.4889,0.4886,0.4888,9692.6
785,785,1694955900000,0.4888,0.4888,0.4883,0.4884,3246.3
786,786,1694955960000,0.4884,0.4884,0.488,0.488,7243.2
787,787,1694956020000,0.4879,0.4879,0.4875,0.4875,7979.1
788,788,1694956080000,0.4876,0.4881,0.4872,0.4879,33607.5
789,789,1694956140000,0.4877,0.4882,0.4875,0.4877,28651.9
790,790,1694956200000,0.4878,0.4883,0.4876,0.488,28222.3
791,791,1694956260000,0.488,0.4883,0.488,0.4883,12845.1
792,792,1694956320000,0.4884,0.4887,0.4884,0.4887,21573.1
793,793,1694956380000,0.4887,0.4889,0.4885,0.4888,14824.8
794,794,1694956440000,0.4889,0.4894,0.4889,0.4894,13186.4
795,795,1694956500000,0.4893,0.4895,0.489,0.4893,8256.8
796,796,1694956560000,0.4894,0.4901,0.4894,0.4898,13081.8
797,797,1694956620000,0.4899,0.4901,0.4893,0.4896,14495.8
798,798,1694956680000,0.4896,0.4898,0.4896,0.4896,1612.3
799,799,1694956740000,0.4896,0.4899,0.4895,0.4895,6212.8
800,800,1694956800000,0.4896,0.4897,0.4891,0.4893,3181.4
801,801,1694956860000,0.4895,0.4897,0.4891,0.4891,12891.9
802,802,1694956920000,0.4891,0.4891,0.4885,0.4886,1656.2
803,803,1694956980000,0.4887,0.4891,0.4886,0.4891,3097.0
804,804,1694957040000,0.4891,0.4893,0.4889,0.4892,14826.3
805,805,1694957100000,0.4893,0.4894,0.4892,0.4893,1207.6
806,806,1694957160000,0.4896,0.4896,0.4894,0.4894,2548.8
807,807,1694957220000,0.4894,0.4894,0.4888,0.4889,14073.4
808,808,1694957280000,0.489,0.4893,0.489,0.4893,4151.1
809,809,1694957340000,0.4892,0.4893,0.489,0.4893,7702.0
810,810,1694957400000,0.4892,0.4893,0.4892,0.4892,273.7
811,811,1694957460000,0.4892,0.4892,0.4887,0.4892,13148.6
812,812,1694957520000,0.4895,0.4896,0.4895,0.4896,2400.5
813,813,1694957580000,0.4896,0.4898,0.4893,0.4895,7271.0
814,814,1694957640000,0.4895,0.4895,0.4893,0.4893,2620.5
815,815,1694957700000,0.4892,0.4892,0.4887,0.4891,5045.7
816,816,1694957760000,0.4889,0.4894,0.4889,0.4891,9915.7
817,817,1694957820000,0.489,0.4894,0.489,0.4894,6833.3
818,818,1694957880000,0.4894,0.4894,0.489,0.489,11569.9
819,819,1694957940000,0.489,0.489,0.4883,0.4883,10470.0
820,820,1694958000000,0.4884,0.4885,0.4884,0.4885,3362.5
821,821,1694958060000,0.4884,0.4886,0.4882,0.4886,13282.1
822,822,1694958120000,0.4888,0.4892,0.4887,0.4892,7989.0
823,823,1694958180000,0.4891,0.4891,0.4889,0.489,9129.3
824,824,1694958240000,0.489,0.4891,0.489,0.489,3442.1
825,825,1694958300000,0.489,0.489,0.4888,0.4888,4153.0
826,826,1694958360000,0.4888,0.489,0.4887,0.4888,4714.0
827,827,1694958420000,0.4888,0.4888,0.4884,0.4885,6706.0
828,828,1694958480000,0.4886,0.4887,0.4885,0.4886,6104.1
829,829,1694958540000,0.4887,0.489,0.4887,0.4888,3232.0
830,830,1694958600000,0.4886,0.4887,0.4883,0.4883,5410.6
831,831,1694958660000,0.4883,0.4884,0.4883,0.4884,260.8
832,832,1694958720000,0.4883,0.4885,0.4883,0.4885,4689.6
833,833,1694958780000,0.4884,0.4886,0.4884,0.4885,11574.6
834,834,1694958840000,0.4883,0.4883,0.4875,0.4879,25449.3
835,835,1694958900000,0.4879,0.4886,0.4879,0.4886,11813.5
836,836,1694958960000,0.4886,0.4888,0.4885,0.4887,5528.0
837,837,1694959020000,0.4887,0.4887,0.4881,0.4883,5138.7
838,838,1694959080000,0.4885,0.4887,0.4884,0.4885,2347.6
839,839,1694959140000,0.4886,0.4889,0.4884,0.4889,5068.9
840,840,1694959200000,0.4889,0.4889,0.488,0.4881,23161.4
841,841,1694959260000,0.4881,0.4889,0.4881,0.4888,6821.8
842,842,1694959320000,0.4889,0.4893,0.4888,0.4889,18808.6
843,843,1694959380000,0.4889,0.489,0.4885,0.4886,9354.1
844,844,1694959440000,0.4887,0.4892,0.4887,0.4891,9538.4
845,845,1694959500000,0.489,0.4891,0.4888,0.4888,10040.2
846,846,1694959560000,0.4886,0.4888,0.4886,0.4888,16847.2
847,847,1694959620000,0.4889,0.4893,0.4889,0.4892,3582.9
848,848,1694959680000,0.4892,0.4894,0.4892,0.4894,3229.6
849,849,1694959740000,0.4894,0.4894,0.4889,0.489,5322.8
850,850,1694959800000,0.489,0.4891,0.489,0.489,3124.2
851,851,1694959860000,0.4891,0.4891,0.4887,0.4888,12169.2
852,852,1694959920000,0.4888,0.489,0.4887,0.489,1730.7
853,853,1694959980000,0.4892,0.4892,0.489,0.489,393.5
854,854,1694960040000,0.489,0.4891,0.489,0.4891,376.7
855,855,1694960100000,0.489,0.489,0.4883,0.4886,14679.7
856,856,1694960160000,0.4887,0.4894,0.4887,0.4892,14585.6
857,857,1694960220000,0.4892,0.4892,0.4885,0.4885,10923.2
858,858,1694960280000,0.4885,0.4888,0.4885,0.4885,2835.7
859,859,1694960340000,0.4886,0.4886,0.4885,0.4885,442.8
860,860,1694960400000,0.4885,0.4885,0.4881,0.4883,4153.1
861,861,1694960460000,0.4882,0.4882,0.4879,0.488,4370.9
862,862,1694960520000,0.4881,0.4884,0.4881,0.4883,2076.1
863,863,1694960580000,0.4882,0.4882,0.488,0.4881,779.3
864,864,1694960640000,0.4882,0.4883,0.4882,0.4882,1045.3
865,865,1694960700000,0.488,0.488,0.4879,0.4879,1043.0
866,866,1694960760000,0.4879,0.4884,0.4878,0.4884,6279.3
867,867,1694960820000,0.4886,0.4893,0.4886,0.4893,11209.3
868,868,1694960880000,0.4891,0.4893,0.4891,0.4891,5181.7
869,869,1694960940000,0.489,0.489,0.4889,0.489,3486.9
870,870,1694961000000,0.489,0.4891,0.4889,0.4889,4150.4
871,871,1694961060000,0.4888,0.4888,0.488,0.4882,53850.2
872,872,1694961120000,0.4882,0.4882,0.4878,0.4881,9760.4
873,873,1694961180000,0.4881,0.4885,0.4881,0.4885,10352.3
874,874,1694961240000,0.4885,0.4886,0.4885,0.4886,877.0
875,875,1694961300000,0.4888,0.489,0.4888,0.4888,6339.7
876,876,1694961360000,0.4888,0.4894,0.4886,0.4894,25181.1
877,877,1694961420000,0.4895,0.49,0.4891,0.4896,43272.3
878,878,1694961480000,0.4896,0.4896,0.4892,0.4896,6477.9
879,879,1694961540000,0.4895,0.4896,0.4888,0.4888,9462.3
880,880,1694961600000,0.4887,0.4887,0.4884,0.4885,4972.1
881,881,1694961660000,0.4886,0.4887,0.4886,0.4886,3195.2
882,882,1694961720000,0.4885,0.4885,0.4872,0.4875,60631.1
883,883,1694961780000,0.4876,0.4879,0.4876,0.4878,3383.5
884,884,1694961840000,0.4878,0.4882,0.4878,0.4882,8272.0
885,885,1694961900000,0.4881,0.4885,0.4881,0.4883,1935.8
886,886,1694961960000,0.4884,0.4888,0.4884,0.4886,12191.6
887,887,1694962020000,0.4886,0.4887,0.4885,0.4885,1090.6
888,888,1694962080000,0.4885,0.4885,0.4885,0.4885,257.3
889,889,1694962140000,0.4886,0.4887,0.4885,0.4885,1592.0
890,890,1694962200000,0.4885,0.4885,0.4882,0.4882,3215.1
891,891,1694962260000,0.4881,0.4881,0.4879,0.488,6554.5
892,892,1694962320000,0.488,0.488,0.488,0.488,0.0
893,893,1694962380000,0.4878,0.4878,0.4876,0.4876,2387.1
894,894,1694962440000,0.4876,0.4876,0.4872,0.4875,9389.6
895,895,1694962500000,0.4876,0.4878,0.4875,0.4875,6967.1
896,896,1694962560000,0.4875,0.4875,0.4871,0.4872,14225.8
897,897,1694962620000,0.4872,0.4874,0.487,0.4872,12766.5
898,898,1694962680000,0.4873,0.4877,0.4873,0.4876,9377.4
899,899,1694962740000,0.4876,0.4876,0.4872,0.4872,1443.3
900,900,1694962800000,0.4872,0.4874,0.487,0.4872,15213.5
901,901,1694962860000,0.4872,0.4876,0.487,0.4871,11560.9
902,902,1694962920000,0.487,0.4885,0.487,0.4885,21091.3
903,903,1694962980000,0.4885,0.489,0.4881,0.489,20277.9
904,904,1694963040000,0.4891,0.4892,0.4885,0.4886,35545.5
905,905,1694963100000,0.4885,0.4885,0.4884,0.4884,3349.7
906,906,1694963160000,0.4885,0.4885,0.4884,0.4884,7457.7
907,907,1694963220000,0.4884,0.4884,0.4881,0.4881,6928.9
908,908,1694963280000,0.4881,0.4885,0.488,0.488,27729.4
909,909,1694963340000,0.4882,0.4882,0.488,0.4881,2576.4
910,910,1694963400000,0.4882,0.4885,0.4882,0.4885,17423.2
911,911,1694963460000,0.4885,0.4885,0.4879,0.4879,24758.3
912,912,1694963520000,0.4879,0.4895,0.4879,0.4893,130726.3
913,913,1694963580000,0.4893,0.49,0.4892,0.4896,73798.1
914,914,1694963640000,0.4897,0.4902,0.4896,0.4901,50253.9
915,915,1694963700000,0.49,0.4902,0.4897,0.4897,37462.0
916,916,1694963760000,0.4898,0.49,0.4898,0.49,14519.3
917,917,1694963820000,0.4899,0.4899,0.4889,0.489,45635.6
918,918,1694963880000,0.489,0.4895,0.4889,0.4892,23729.4
919,919,1694963940000,0.4894,0.4898,0.4891,0.4898,35095.4
920,920,1694964000000,0.4896,0.4896,0.4893,0.4895,20919.3
921,921,1694964060000,0.4895,0.4896,0.4881,0.4894,178482.1
922,922,1694964120000,0.4894,0.4898,0.4892,0.4893,40195.1
923,923,1694964180000,0.4895,0.4898,0.4893,0.4897,11919.1
924,924,1694964240000,0.4895,0.49,0.4895,0.4899,7444.4
925,925,1694964300000,0.49,0.4902,0.4897,0.4899,11363.9
926,926,1694964360000,0.4898,0.4902,0.4897,0.4899,12601.4
927,927,1694964420000,0.4899,0.4901,0.4898,0.4901,3293.4
928,928,1694964480000,0.4901,0.4903,0.49,0.49,19366.4
929,929,1694964540000,0.4901,0.4905,0.49,0.4904,16592.6
930,930,1694964600000,0.4903,0.4906,0.4899,0.49,13928.8
931,931,1694964660000,0.4901,0.4904,0.4901,0.4902,7976.5
932,932,1694964720000,0.4901,0.4901,0.4893,0.4895,21200.4
933,933,1694964780000,0.4896,0.4896,0.4893,0.4895,4447.3
934,934,1694964840000,0.4894,0.4894,0.4888,0.4888,27703.0
935,935,1694964900000,0.4888,0.4894,0.4888,0.4891,26196.1
936,936,1694964960000,0.4892,0.4893,0.4884,0.4884,13210.5
937,937,1694965020000,0.4884,0.4889,0.4884,0.4889,7598.3
938,938,1694965080000,0.4888,0.4889,0.4882,0.4886,14961.4
939,939,1694965140000,0.4883,0.4884,0.4876,0.4882,86868.7
940,940,1694965200000,0.4881,0.4883,0.4879,0.488,13270.7
941,941,1694965260000,0.488,0.4888,0.488,0.4883,26994.6
942,942,1694965320000,0.4883,0.4885,0.4881,0.4881,10583.0
943,943,1694965380000,0.4881,0.4884,0.4881,0.4882,21987.0
944,944,1694965440000,0.4882,0.4895,0.4882,0.4893,20171.4
945,945,1694965500000,0.4892,0.4896,0.4889,0.4889,9297.8
946,946,1694965560000,0.4889,0.4892,0.4884,0.4886,14259.3
947,947,1694965620000,0.4887,0.4889,0.4882,0.4886,23803.9
948,948,1694965680000,0.4886,0.4889,0.4886,0.4889,2491.4
949,949,1694965740000,0.4888,0.4888,0.4885,0.4888,5817.6
950,950,1694965800000,0.4889,0.4891,0.4887,0.4889,7935.1
951,951,1694965860000,0.489,0.4892,0.489,0.4892,278.9
952,952,1694965920000,0.4891,0.4891,0.4888,0.4889,2259.5
953,953,1694965980000,0.4889,0.4895,0.4889,0.4895,6027.0
954,954,1694966040000,0.4895,0.4897,0.4893,0.4893,9750.1
955,955,1694966100000,0.4892,0.4892,0.4889,0.489,5065.0
956,956,1694966160000,0.4891,0.4893,0.4891,0.4892,2360.8
957,957,1694966220000,0.4892,0.4896,0.4891,0.4895,7200.4
958,958,1694966280000,0.4894,0.4896,0.4892,0.4896,7395.4
959,959,1694966340000,0.4894,0.4896,0.4892,0.4894,5256.7
960,960,1694966400000,0.4893,0.4893,0.4883,0.4888,27469.5
961,961,1694966460000,0.4887,0.4894,0.4886,0.4892,28557.4
962,962,1694966520000,0.4894,0.4899,0.4888,0.4891,26815.6
963,963,1694966580000,0.489,0.4891,0.4885,0.4887,11233.6
964,964,1694966640000,0.4886,0.4887,0.4882,0.4884,12284.8
965,965,1694966700000,0.4883,0.4885,0.4881,0.4885,13707.1
966,966,1694966760000,0.4884,0.4884,0.487,0.4871,63269.6
967,967,1694966820000,0.487,0.487,0.4832,0.485,293975.7
968,968,1694966880000,0.4849,0.4853,0.4826,0.4841,221264.6
969,969,1694966940000,0.4842,0.4844,0.4835,0.4839,67296.2
970,970,1694967000000,0.4838,0.4841,0.4829,0.4838,66693.7
971,971,1694967060000,0.4836,0.4836,0.4828,0.4829,33755.9
972,972,1694967120000,0.4829,0.4838,0.4829,0.4833,34226.7
973,973,1694967180000,0.4833,0.4835,0.4829,0.4832,40059.8
974,974,1694967240000,0.4833,0.4836,0.4831,0.4831,26696.3
975,975,1694967300000,0.4832,0.4837,0.4826,0.4835,49769.9
976,976,1694967360000,0.4834,0.4836,0.4826,0.4826,10980.6
977,977,1694967420000,0.4825,0.4833,0.4819,0.4827,63706.2
978,978,1694967480000,0.4824,0.4828,0.4823,0.4826,29175.3
979,979,1694967540000,0.4825,0.4827,0.4809,0.4813,60813.3
980,980,1694967600000,0.4813,0.4821,0.4812,0.4818,40787.5
981,981,1694967660000,0.4818,0.4831,0.4817,0.4827,27585.4
982,982,1694967720000,0.4827,0.4831,0.4823,0.4823,23370.4
983,983,1694967780000,0.4824,0.4825,0.4818,0.4823,12570.4
984,984,1694967840000,0.4822,0.4823,0.4817,0.4818,13316.8
985,985,1694967900000,0.4816,0.482,0.4815,0.4817,15799.9
986,986,1694967960000,0.4816,0.4824,0.4814,0.4824,15341.2
987,987,1694968020000,0.4823,0.4823,0.482,0.4822,9909.6
988,988,1694968080000,0.4822,0.4827,0.4822,0.4825,10587.2
989,989,1694968140000,0.4825,0.4825,0.4819,0.4821,13350.3
990,990,1694968200000,0.4821,0.4826,0.482,0.4822,12645.5
991,991,1694968260000,0.4822,0.4822,0.481,0.481,19226.9
992,992,1694968320000,0.4811,0.4818,0.4803,0.4818,53831.9
993,993,1694968380000,0.4818,0.4824,0.4816,0.4822,18397.9
994,994,1694968440000,0.4822,0.4823,0.4817,0.482,13906.2
995,995,1694968500000,0.4821,0.4821,0.48,0.4805,75685.9
996,996,1694968560000,0.4808,0.4814,0.4807,0.4814,45774.6
997,997,1694968620000,0.4813,0.4814,0.4809,0.4812,17494.0
998,998,1694968680000,0.4811,0.4819,0.4809,0.4819,20471.5
999,999,1694968740000,0.482,0.4822,0.4819,0.482,10426.1
1000,1000,1694968800000,0.4819,0.4823,0.4817,0.4822,30252.4
1001,1001,1694968860000,0.4822,0.4829,0.4821,0.4821,20239.4
1002,1002,1694968920000,0.4821,0.4821,0.4809,0.4813,39857.3
1003,1003,1694968980000,0.4813,0.4816,0.4809,0.4809,22698.0
1004,1004,1694969040000,0.4809,0.481,0.48,0.4803,50569.2
1005,1005,1694969100000,0.4803,0.4812,0.4801,0.481,30033.4
1006,1006,1694969160000,0.4812,0.4814,0.4808,0.4808,21597.1
1007,1007,1694969220000,0.4808,0.481,0.4807,0.4809,15078.0
1008,1008,1694969280000,0.4809,0.4812,0.4808,0.4808,6425.9
1009,1009,1694969340000,0.4809,0.481,0.4805,0.4806,15641.8
1010,1010,1694969400000,0.4808,0.4808,0.4805,0.4806,10381.7
1011,1011,1694969460000,0.4806,0.4809,0.4806,0.4809,25693.2
1012,1012,1694969520000,0.4809,0.4813,0.4809,0.4813,14777.1
1013,1013,1694969580000,0.4813,0.4815,0.4812,0.4815,7535.8
1014,1014,1694969640000,0.4817,0.4818,0.4816,0.4816,4429.1
1015,1015,1694969700000,0.4815,0.4819,0.4813,0.4815,12560.9
1016,1016,1694969760000,0.4814,0.4814,0.4811,0.4812,1868.9
1017,1017,1694969820000,0.4812,0.4812,0.481,0.4812,11685.3
1018,1018,1694969880000,0.4812,0.4814,0.481,0.481,11983.9
1019,1019,1694969940000,0.4812,0.4815,0.4808,0.481,52383.5
1020,1020,1694970000000,0.481,0.4812,0.4804,0.481,12731.1
1021,1021,1694970060000,0.4809,0.481,0.4802,0.4804,18044.4
1022,1022,1694970120000,0.4804,0.4806,0.4802,0.4804,13288.8
1023,1023,1694970180000,0.4804,0.4805,0.4801,0.4804,42517.0
1024,1024,1694970240000,0.4804,0.4805,0.4783,0.4801,247871.9
1025,1025,1694970300000,0.4802,0.4806,0.4786,0.4789,78219.8
1026,1026,1694970360000,0.4789,0.4795,0.4789,0.4791,14986.0
1027,1027,1694970420000,0.4791,0.4798,0.4791,0.4798,8547.6
1028,1028,1694970480000,0.4798,0.4816,0.4798,0.4814,47802.0
1029,1029,1694970540000,0.4815,0.4828,0.4815,0.4821,61326.1
1030,1030,1694970600000,0.482,0.482,0.4811,0.4815,34244.9
1031,1031,1694970660000,0.4815,0.4817,0.4812,0.4816,40031.0
1032,1032,1694970720000,0.4814,0.4814,0.4807,0.4811,9648.9
1033,1033,1694970780000,0.481,0.4813,0.4809,0.4812,8795.2
1034,1034,1694970840000,0.4811,0.4812,0.4803,0.4803,18681.6
1035,1035,1694970900000,0.4802,0.4802,0.4793,0.4793,41716.8
1036,1036,1694970960000,0.4794,0.4795,0.4779,0.4785,70728.1
1037,1037,1694971020000,0.4784,0.479,0.4782,0.4788,42407.6
1038,1038,1694971080000,0.4788,0.4788,0.4783,0.4785,16211.4
1039,1039,1694971140000,0.4784,0.4784,0.4775,0.4784,39533.5
1040,1040,1694971200000,0.4785,0.4788,0.4781,0.4782,18033.3
1041,1041,1694971260000,0.4782,0.4786,0.4779,0.4785,35525.3
1042,1042,1694971320000,0.4784,0.479,0.4781,0.479,14494.8
1043,1043,1694971380000,0.479,0.4797,0.4789,0.4797,16228.3
1044,1044,1694971440000,0.4798,0.4804,0.4798,0.4803,12823.3
1045,1045,1694971500000,0.4802,0.4803,0.4797,0.4798,30041.3
1046,1046,1694971560000,0.4799,0.4799,0.4794,0.4795,18183.1
1047,1047,1694971620000,0.4794,0.4794,0.479,0.4791,13009.3
1048,1048,1694971680000,0.4791,0.4792,0.4785,0.4787,12326.6
1049,1049,1694971740000,0.4787,0.4791,0.4785,0.479,18370.1
1050,1050,1694971800000,0.479,0.479,0.4786,0.4786,16913.6
1051,1051,1694971860000,0.4788,0.4792,0.4788,0.4792,5732.2
1052,1052,1694971920000,0.4791,0.4793,0.4789,0.479,20531.0
1053,1053,1694971980000,0.479,0.4792,0.4784,0.4784,10276.9
1054,1054,1694972040000,0.4784,0.479,0.4784,0.479,10788.6
1055,1055,1694972100000,0.479,0.479,0.4787,0.4788,3847.2
1056,1056,1694972160000,0.4788,0.4794,0.4788,0.4794,12030.7
1057,1057,1694972220000,0.4794,0.4794,0.4791,0.4793,8553.0
1058,1058,1694972280000,0.4793,0.4793,0.479,0.479,3008.1
1059,1059,1694972340000,0.4789,0.4793,0.4786,0.4793,14313.6
1060,1060,1694972400000,0.4793,0.4794,0.479,0.479,8332.8
1061,1061,1694972460000,0.479,0.4794,0.4789,0.4794,5215.6
1062,1062,1694972520000,0.4794,0.4795,0.4791,0.4794,3459.4
1063,1063,1694972580000,0.4795,0.4796,0.4792,0.4792,4812.0
1064,1064,1694972640000,0.4792,0.48,0.4792,0.4796,13205.0
1065,1065,1694972700000,0.4795,0.4798,0.4794,0.4794,17515.1
1066,1066,1694972760000,0.4793,0.4794,0.4781,0.4784,129185.0
1067,1067,1694972820000,0.4784,0.4786,0.4782,0.4783,6807.7
1068,1068,1694972880000,0.4782,0.4783,0.4779,0.4783,13642.1
1069,1069,1694972940000,0.4783,0.4783,0.478,0.478,7393.3
1070,1070,1694973000000,0.4779,0.478,0.4773,0.4775,25506.1
1071,1071,1694973060000,0.4776,0.4777,0.4763,0.4774,63213.5
1072,1072,1694973120000,0.4774,0.4774,0.4768,0.477,10543.9
1073,1073,1694973180000,0.477,0.4775,0.4769,0.4771,12470.0
1074,1074,1694973240000,0.4772,0.4774,0.4768,0.4769,7668.3
1075,1075,1694973300000,0.477,0.4772,0.4769,0.4772,4289.2
1076,1076,1694973360000,0.4773,0.4773,0.4766,0.477,7232.1
1077,1077,1694973420000,0.4771,0.4773,0.4767,0.4767,23165.5
1078,1078,1694973480000,0.4766,0.477,0.4764,0.4768,14971.3
1079,1079,1694973540000,0.4768,0.4768,0.4752,0.476,82554.3
1080,1080,1694973600000,0.476,0.4763,0.474,0.4751,260194.5
1081,1081,1694973660000,0.475,0.4755,0.4745,0.4752,53292.6
1082,1082,1694973720000,0.4754,0.4766,0.4754,0.4764,54533.1
1083,1083,1694973780000,0.4763,0.477,0.4759,0.477,41279.2
1084,1084,1694973840000,0.4769,0.477,0.4764,0.4769,21572.8
1085,1085,1694973900000,0.4768,0.4774,0.4767,0.4768,12359.5
1086,1086,1694973960000,0.4768,0.4769,0.4766,0.4767,12247.3
1087,1087,1694974020000,0.4767,0.4774,0.4766,0.4772,17709.7
1088,1088,1694974080000,0.4771,0.4772,0.4771,0.4772,7632.9
1089,1089,1694974140000,0.4771,0.4774,0.477,0.4774,6805.6
1090,1090,1694974200000,0.4774,0.4779,0.4772,0.4777,19573.2
1091,1091,1694974260000,0.4778,0.4779,0.4772,0.4773,13857.7
1092,1092,1694974320000,0.4772,0.4772,0.4768,0.4772,13676.6
1093,1093,1694974380000,0.4771,0.4773,0.4767,0.4767,17623.3
1094,1094,1694974440000,0.4768,0.4779,0.4767,0.4778,22904.1
1095,1095,1694974500000,0.4778,0.4785,0.4776,0.4784,80848.4
1096,1096,1694974560000,0.4785,0.4785,0.4782,0.4783,23752.0
1097,1097,1694974620000,0.4784,0.4786,0.4784,0.4786,17458.2
1098,1098,1694974680000,0.4786,0.4786,0.4785,0.4786,2809.3
1099,1099,1694974740000,0.4786,0.4787,0.4786,0.4787,4283.0
1100,1100,1694974800000,0.4787,0.4788,0.4787,0.4788,5467.1
1101,1101,1694974860000,0.4789,0.4789,0.4785,0.4785,6982.1
1102,1102,1694974920000,0.4786,0.4786,0.4786,0.4786,2543.2
1103,1103,1694974980000,0.4787,0.4788,0.4787,0.4787,6175.4
1104,1104,1694975040000,0.4788,0.4791,0.4788,0.4791,8578.2
1105,1105,1694975100000,0.4791,0.4792,0.479,0.479,7052.0
1106,1106,1694975160000,0.479,0.4791,0.4789,0.479,3861.7
1107,1107,1694975220000,0.479,0.4791,0.479,0.4791,2479.6
1108,1108,1694975280000,0.4792,0.4794,0.4791,0.4794,6647.9
1109,1109,1694975340000,0.4795,0.4795,0.4793,0.4793,738.5
1110,1110,1694975400000,0.4793,0.4793,0.4786,0.479,31063.9
1111,1111,1694975460000,0.4792,0.4792,0.4789,0.4789,10956.3
1112,1112,1694975520000,0.4788,0.4794,0.4787,0.4794,21671.9
1113,1113,1694975580000,0.4795,0.4795,0.4791,0.4793,10295.4
1114,1114,1694975640000,0.4792,0.4793,0.4792,0.4793,2590.3
1115,1115,1694975700000,0.4793,0.4795,0.4792,0.4795,4736.0
1116,1116,1694975760000,0.4794,0.4794,0.4792,0.4792,5617.4
1117,1117,1694975820000,0.4792,0.4794,0.4792,0.4794,2230.7
1118,1118,1694975880000,0.4793,0.4795,0.4793,0.4795,4151.5
1119,1119,1694975940000,0.4795,0.48,0.4795,0.4797,33722.8
1120,1120,1694976000000,0.4798,0.4801,0.4798,0.4801,12376.2
1121,1121,1694976060000,0.48,0.4804,0.4798,0.4804,26476.5
1122,1122,1694976120000,0.4804,0.4807,0.4804,0.4806,13090.2
1123,1123,1694976180000,0.4807,0.4808,0.4804,0.4808,14536.4
1124,1124,1694976240000,0.4808,0.4813,0.4808,0.4813,21380.2
1125,1125,1694976300000,0.4814,0.4816,0.4814,0.4814,12559.2
1126,1126,1694976360000,0.4815,0.4818,0.4815,0.4817,20055.2
1127,1127,1694976420000,0.4817,0.482,0.4814,0.4819,15911.3
1128,1128,1694976480000,0.482,0.482,0.4817,0.4818,5369.4
1129,1129,1694976540000,0.4817,0.4818,0.4816,0.4818,12415.0
1130,1130,1694976600000,0.482,0.482,0.4809,0.4809,27524.4
1131,1131,1694976660000,0.4809,0.481,0.4802,0.4804,24810.0
1132,1132,1694976720000,0.4806,0.4807,0.4803,0.4807,13192.0
1133,1133,1694976780000,0.4808,0.4808,0.4804,0.4804,11763.9
1134,1134,1694976840000,0.4805,0.4805,0.4804,0.4804,4430.4
1135,1135,1694976900000,0.4803,0.4811,0.4803,0.4805,24016.1
1136,1136,1694976960000,0.4805,0.4805,0.48,0.4805,7087.1
1137,1137,1694977020000,0.4805,0.4806,0.4802,0.4804,8830.9
1138,1138,1694977080000,0.4806,0.481,0.4806,0.481,5736.0
1139,1139,1694977140000,0.481,0.4815,0.481,0.481,13147.1
1140,1140,1694977200000,0.481,0.4815,0.481,0.4815,14546.6
1141,1141,1694977260000,0.4816,0.4817,0.4813,0.4814,10152.4
1142,1142,1694977320000,0.4814,0.482,0.4814,0.4819,9902.5
1143,1143,1694977380000,0.4818,0.4823,0.4818,0.4821,32792.8
1144,1144,1694977440000,0.482,0.482,0.4819,0.482,5504.4
1145,1145,1694977500000,0.482,0.4825,0.482,0.4823,25927.1
1146,1146,1694977560000,0.4823,0.4823,0.4821,0.4823,2703.9
1147,1147,1694977620000,0.4822,0.4823,0.4822,0.4823,1618.7
1148,1148,1694977680000,0.4824,0.4828,0.4823,0.4827,10109.9
1149,1149,1694977740000,0.4827,0.4828,0.4823,0.4823,13567.7
1150,1150,1694977800000,0.4823,0.4823,0.4821,0.4822,3007.0
1151,1151,1694977860000,0.4823,0.4829,0.4823,0.4826,10528.7
1152,1152,1694977920000,0.4826,0.4828,0.4822,0.4824,16914.3
1153,1153,1694977980000,0.4824,0.4824,0.4824,0.4824,1463.9
1154,1154,1694978040000,0.4824,0.4826,0.4823,0.4824,5279.8
1155,1155,1694978100000,0.4825,0.4825,0.4824,0.4824,3951.6
1156,1156,1694978160000,0.4824,0.4825,0.4824,0.4825,192.5
1157,1157,1694978220000,0.4824,0.4824,0.4816,0.4818,32355.3
1158,1158,1694978280000,0.4818,0.4822,0.4818,0.4819,10107.8
1159,1159,1694978340000,0.4817,0.4819,0.4817,0.4819,5406.5
1160,1160,1694978400000,0.482,0.4822,0.482,0.482,2940.9
1161,1161,1694978460000,0.482,0.482,0.4816,0.4817,7873.9
1162,1162,1694978520000,0.4817,0.4821,0.4817,0.4821,4631.4
1163,1163,1694978580000,0.4822,0.4826,0.482,0.482,25647.2
1164,1164,1694978640000,0.4819,0.4819,0.4817,0.4819,3920.5
1165,1165,1694978700000,0.4819,0.482,0.4818,0.482,1354.2
1166,1166,1694978760000,0.482,0.4821,0.482,0.4821,2139.0
1167,1167,1694978820000,0.4821,0.4821,0.4819,0.4819,4230.0
1168,1168,1694978880000,0.4817,0.4817,0.4814,0.4817,8935.2
1169,1169,1694978940000,0.4818,0.4819,0.4817,0.4817,6861.5
1170,1170,1694979000000,0.4819,0.482,0.4818,0.4819,4625.0
1171,1171,1694979060000,0.4819,0.4819,0.481,0.4812,15744.2
1172,1172,1694979120000,0.4812,0.4813,0.481,0.4813,28941.9
1173,1173,1694979180000,0.4816,0.4817,0.4816,0.4817,2084.9
1174,1174,1694979240000,0.4818,0.4818,0.4817,0.4818,3155.4
1175,1175,1694979300000,0.4819,0.482,0.4819,0.482,2828.7
1176,1176,1694979360000,0.482,0.4821,0.4819,0.4821,10496.6
1177,1177,1694979420000,0.482,0.482,0.482,0.482,2043.8
1178,1178,1694979480000,0.4821,0.4821,0.4819,0.482,2554.0
1179,1179,1694979540000,0.4819,0.4819,0.4817,0.4817,2039.8
1180,1180,1694979600000,0.4818,0.4819,0.4814,0.4816,5822.6
1181,1181,1694979660000,0.4817,0.482,0.4817,0.4817,8896.6
1182,1182,1694979720000,0.4818,0.4819,0.4817,0.4818,913.7
1183,1183,1694979780000,0.4818,0.482,0.4817,0.4817,3686.2
1184,1184,1694979840000,0.4817,0.4817,0.4816,0.4816,21381.6
1185,1185,1694979900000,0.4814,0.4815,0.4812,0.4813,5072.4
1186,1186,1694979960000,0.4814,0.4823,0.4814,0.482,8881.8
1187,1187,1694980020000,0.4819,0.4819,0.4815,0.4815,11797.1
1188,1188,1694980080000,0.4814,0.4816,0.4814,0.4814,10150.3
1189,1189,1694980140000,0.4815,0.4815,0.4814,0.4814,1030.5
1190,1190,1694980200000,0.4814,0.4815,0.4814,0.4815,1107.4
1191,1191,1694980260000,0.4816,0.4816,0.4811,0.4814,12301.6
1192,1192,1694980320000,0.4815,0.4816,0.4814,0.4814,4937.3
1193,1193,1694980380000,0.4813,0.4814,0.4813,0.4814,3104.7
1194,1194,1694980440000,0.4813,0.4816,0.4812,0.4816,5627.1
1195,1195,1694980500000,0.4817,0.4819,0.4814,0.4814,32050.4
1196,1196,1694980560000,0.4814,0.4814,0.4812,0.4812,2833.8
1197,1197,1694980620000,0.4814,0.4817,0.4814,0.4817,2899.5
1198,1198,1694980680000,0.4817,0.4817,0.4813,0.4813,3785.4
1199,1199,1694980740000,0.4813,0.4813,0.4813,0.4813,981.5
1200,1200,1694980800000,0.4811,0.4813,0.4806,0.4807,6516.2
1201,1201,1694980860000,0.4807,0.4807,0.4803,0.4804,11107.5
1202,1202,1694980920000,0.4804,0.4807,0.48,0.4802,28942.3
1203,1203,1694980980000,0.4802,0.4816,0.48,0.4813,61272.3
1204,1204,1694981040000,0.4813,0.4813,0.4805,0.4805,23926.9
1205,1205,1694981100000,0.4805,0.4808,0.4802,0.4808,12940.0
1206,1206,1694981160000,0.4809,0.4809,0.4806,0.4808,7613.9
1207,1207,1694981220000,0.4809,0.4812,0.4809,0.4812,13551.1
1208,1208,1694981280000,0.4812,0.4812,0.4801,0.4805,18389.3
1209,1209,1694981340000,0.4805,0.4805,0.4802,0.4802,3334.2
1210,1210,1694981400000,0.4803,0.4805,0.4803,0.4805,15163.8
1211,1211,1694981460000,0.4806,0.4806,0.4803,0.4805,6152.8
1212,1212,1694981520000,0.4805,0.4807,0.4805,0.4807,2912.0
1213,1213,1694981580000,0.4807,0.4807,0.4807,0.4807,0.0
1214,1214,1694981640000,0.4807,0.4811,0.4807,0.4811,1414.4
1215,1215,1694981700000,0.4811,0.4812,0.4808,0.4809,14746.7
1216,1216,1694981760000,0.4809,0.481,0.4809,0.481,1909.3
1217,1217,1694981820000,0.481,0.4818,0.481,0.4818,8329.8
1218,1218,1694981880000,0.4819,0.482,0.4815,0.4818,11802.3
1219,1219,1694981940000,0.4817,0.4817,0.4816,0.4816,528.0
1220,1220,1694982000000,0.4815,0.4815,0.4813,0.4814,2725.4
1221,1221,1694982060000,0.4814,0.4814,0.4814,0.4814,864.9
1222,1222,1694982120000,0.4815,0.4815,0.4812,0.4812,8646.3
1223,1223,1694982180000,0.4812,0.4812,0.4806,0.4807,7500.8
1224,1224,1694982240000,0.4808,0.4811,0.4808,0.4811,2842.0
1225,1225,1694982300000,0.4811,0.4811,0.4807,0.4807,5223.3
1226,1226,1694982360000,0.4808,0.481,0.4807,0.4809,4917.9
1227,1227,1694982420000,0.4809,0.4809,0.4806,0.4807,8611.3
1228,1228,1694982480000,0.4807,0.4808,0.4807,0.4808,281.8
1229,1229,1694982540000,0.4809,0.4809,0.4807,0.4807,2271.7
1230,1230,1694982600000,0.4807,0.4808,0.4796,0.4806,41619.0
1231,1231,1694982660000,0.4805,0.4805,0.4799,0.4799,14250.0
1232,1232,1694982720000,0.4802,0.4802,0.4787,0.4796,50426.2
1233,1233,1694982780000,0.4797,0.4798,0.4793,0.4793,10467.2
1234,1234,1694982840000,0.4794,0.4798,0.4794,0.4796,14515.2
1235,1235,1694982900000,0.4796,0.4798,0.4795,0.4798,5420.3
1236,1236,1694982960000,0.4798,0.4799,0.4798,0.4798,1419.0
1237,1237,1694983020000,0.4797,0.4798,0.4788,0.4791,18919.6
1238,1238,1694983080000,0.4791,0.4791,0.4788,0.479,6250.2
1239,1239,1694983140000,0.4791,0.4791,0.4786,0.4786,4026.8
1240,1240,1694983200000,0.4787,0.4788,0.4782,0.4783,18393.2
1241,1241,1694983260000,0.4783,0.4783,0.4707,0.4738,507972.1
1242,1242,1694983320000,0.4735,0.4755,0.4722,0.4728,386601.9
1243,1243,1694983380000,0.4729,0.4747,0.4729,0.4741,129701.5
1244,1244,1694983440000,0.4743,0.4753,0.4743,0.475,38671.6
1245,1245,1694983500000,0.4749,0.4749,0.4737,0.4737,48060.3
1246,1246,1694983560000,0.4736,0.4746,0.4735,0.4745,30839.7
1247,1247,1694983620000,0.4746,0.4752,0.4744,0.4752,13309.0
1248,1248,1694983680000,0.4751,0.4755,0.4741,0.4742,29987.0
1249,1249,1694983740000,0.4741,0.4746,0.4735,0.4745,24606.6
1250,1250,1694983800000,0.4743,0.4744,0.4727,0.4728,33888.2
1251,1251,1694983860000,0.473,0.474,0.4728,0.474,37411.5
1252,1252,1694983920000,0.4739,0.474,0.4724,0.4726,18005.6
1253,1253,1694983980000,0.4726,0.4739,0.4725,0.4738,83618.0
1254,1254,1694984040000,0.4738,0.4744,0.4728,0.4729,45436.9
1255,1255,1694984100000,0.473,0.473,0.4716,0.4725,35291.3
1256,1256,1694984160000,0.4726,0.473,0.4721,0.473,19147.6
1257,1257,1694984220000,0.4729,0.4732,0.4725,0.4729,20692.6
1258,1258,1694984280000,0.4729,0.4729,0.471,0.4712,56615.2
1259,1259,1694984340000,0.4711,0.4723,0.4701,0.4718,132746.0
1260,1260,1694984400000,0.4718,0.4718,0.4703,0.4713,99437.4
1261,1261,1694984460000,0.4712,0.4731,0.4712,0.4725,33819.5
1262,1262,1694984520000,0.4724,0.4724,0.4715,0.4721,23039.6
1263,1263,1694984580000,0.4719,0.4724,0.4715,0.4722,30235.5
1264,1264,1694984640000,0.4723,0.474,0.4723,0.4739,42235.7
1265,1265,1694984700000,0.474,0.4743,0.4738,0.4743,19664.7
1266,1266,1694984760000,0.4742,0.4748,0.474,0.4744,26546.6
1267,1267,1694984820000,0.4744,0.475,0.4742,0.4744,28340.6
1268,1268,1694984880000,0.4745,0.475,0.4744,0.4746,9828.0
1269,1269,1694984940000,0.4747,0.4747,0.474,0.474,20269.4
1270,1270,1694985000000,0.474,0.4742,0.4737,0.4742,19210.3
1271,1271,1694985060000,0.4742,0.4744,0.4741,0.4744,15052.5
1272,1272,1694985120000,0.4743,0.4743,0.4739,0.4742,9469.6
1273,1273,1694985180000,0.4743,0.4754,0.4742,0.4752,94784.3
1274,1274,1694985240000,0.4753,0.4766,0.4752,0.4762,69912.5
1275,1275,1694985300000,0.4761,0.4763,0.4759,0.4763,8785.6
1276,1276,1694985360000,0.4762,0.4763,0.4756,0.476,15401.9
1277,1277,1694985420000,0.4759,0.4772,0.4759,0.477,14918.6
1278,1278,1694985480000,0.477,0.4778,0.4769,0.4774,31889.0
1279,1279,1694985540000,0.4775,0.4782,0.4775,0.478,28523.2
1280,1280,1694985600000,0.4779,0.4781,0.4777,0.4778,14279.0
1281,1281,1694985660000,0.4778,0.478,0.4776,0.4776,10427.4
1282,1282,1694985720000,0.4775,0.4775,0.4772,0.4772,4025.5
1283,1283,1694985780000,0.4773,0.4775,0.4771,0.4771,2870.5
1284,1284,1694985840000,0.4771,0.4771,0.4763,0.4763,21330.1
1285,1285,1694985900000,0.4762,0.4767,0.4761,0.4767,6328.9
1286,1286,1694985960000,0.4767,0.4767,0.4762,0.4763,4651.4
1287,1287,1694986020000,0.4763,0.4766,0.476,0.476,9401.4
1288,1288,1694986080000,0.4759,0.476,0.4756,0.4756,5979.4
1289,1289,1694986140000,0.4755,0.4755,0.4749,0.4753,19075.3
1290,1290,1694986200000,0.4752,0.4755,0.4749,0.4752,17224.3
1291,1291,1694986260000,0.4752,0.4759,0.4752,0.4757,15699.8
1292,1292,1694986320000,0.4758,0.4759,0.4758,0.4758,5039.3
1293,1293,1694986380000,0.4759,0.4764,0.4759,0.4764,9777.4
1294,1294,1694986440000,0.4763,0.4763,0.476,0.476,13786.4
1295,1295,1694986500000,0.4758,0.4763,0.4758,0.4762,6134.4
1296,1296,1694986560000,0.4762,0.4774,0.4762,0.4774,25182.4
1297,1297,1694986620000,0.4773,0.4774,0.4768,0.4768,18890.7
1298,1298,1694986680000,0.4769,0.4769,0.4766,0.4766,6139.4
1299,1299,1694986740000,0.4765,0.4766,0.4765,0.4766,148.5
1300,1300,1694986800000,0.4766,0.4767,0.476,0.4761,15969.7
1301,1301,1694986860000,0.476,0.476,0.4757,0.4757,5086.6
1302,1302,1694986920000,0.4756,0.4756,0.4751,0.4752,14847.1
1303,1303,1694986980000,0.4753,0.4754,0.4751,0.4752,7987.7
1304,1304,1694987040000,0.4753,0.4756,0.4753,0.4754,8151.7
1305,1305,1694987100000,0.4755,0.4757,0.4755,0.4756,3570.5
1306,1306,1694987160000,0.4756,0.4756,0.4755,0.4756,968.2
1307,1307,1694987220000,0.4757,0.4757,0.4755,0.4755,3077.6
1308,1308,1694987280000,0.4755,0.4755,0.4754,0.4754,1567.7
1309,1309,1694987340000,0.4754,0.4755,0.4754,0.4755,291.5
1310,1310,1694987400000,0.4754,0.4757,0.4754,0.4757,3151.0
1311,1311,1694987460000,0.4758,0.4761,0.4758,0.4758,8111.1
1312,1312,1694987520000,0.4758,0.4758,0.4758,0.4758,0.0
1313,1313,1694987580000,0.4759,0.4759,0.4758,0.4758,1477.2
1314,1314,1694987640000,0.4759,0.4764,0.4759,0.4764,23307.4
1315,1315,1694987700000,0.4763,0.4764,0.4761,0.4764,2412.3
1316,1316,1694987760000,0.4765,0.4773,0.4765,0.477,23019.6
1317,1317,1694987820000,0.4768,0.4768,0.4766,0.4768,3708.1
1318,1318,1694987880000,0.4768,0.4771,0.4768,0.477,2893.0
1319,1319,1694987940000,0.4769,0.477,0.4767,0.4768,6115.2
1320,1320,1694988000000,0.4768,0.4769,0.4762,0.4763,17621.5
1321,1321,1694988060000,0.4763,0.4765,0.4761,0.4765,4857.9
1322,1322,1694988120000,0.4766,0.4766,0.4758,0.4759,15973.5
1323,1323,1694988180000,0.4759,0.4759,0.4754,0.4758,9756.7
1324,1324,1694988240000,0.4757,0.4757,0.4754,0.4754,7105.6
1325,1325,1694988300000,0.4754,0.4758,0.4752,0.4758,15548.0
1326,1326,1694988360000,0.4758,0.4759,0.4757,0.4757,7958.5
1327,1327,1694988420000,0.4757,0.4757,0.4753,0.4754,7919.6
1328,1328,1694988480000,0.4755,0.4758,0.4755,0.4756,13213.0
1329,1329,1694988540000,0.4755,0.4755,0.4753,0.4753,5511.2
1330,1330,1694988600000,0.4753,0.4753,0.4748,0.4749,24101.7
1331,1331,1694988660000,0.475,0.4753,0.475,0.4753,13315.0
1332,1332,1694988720000,0.4753,0.4756,0.4751,0.4756,14622.5
1333,1333,1694988780000,0.4756,0.4756,0.4754,0.4755,4450.1
1334,1334,1694988840000,0.4756,0.4762,0.4756,0.4761,6123.4
1335,1335,1694988900000,0.4762,0.4768,0.4762,0.4768,29856.6
1336,1336,1694988960000,0.4769,0.4769,0.4766,0.4768,5695.0
1337,1337,1694989020000,0.4769,0.4773,0.4769,0.4773,6029.6
1338,1338,1694989080000,0.4773,0.4776,0.4772,0.4775,23832.4
1339,1339,1694989140000,0.4775,0.4777,0.4775,0.4777,376.7
1340,1340,1694989200000,0.4778,0.4779,0.4776,0.4778,4917.0
1341,1341,1694989260000,0.4779,0.4785,0.4779,0.4781,20917.1
1342,1342,1694989320000,0.4781,0.4787,0.4781,0.4785,10160.6
1343,1343,1694989380000,0.4786,0.4788,0.4786,0.4787,2665.3
1344,1344,1694989440000,0.4787,0.479,0.4787,0.479,2771.4
1345,1345,1694989500000,0.4791,0.4797,0.4791,0.4793,53132.9
1346,1346,1694989560000,0.4793,0.4795,0.4789,0.4792,11697.3
1347,1347,1694989620000,0.4793,0.4793,0.4791,0.4791,9314.7
1348,1348,1694989680000,0.4791,0.4794,0.4789,0.4792,14133.5
1349,1349,1694989740000,0.4791,0.4795,0.4789,0.4794,13831.9
1350,1350,1694989800000,0.4793,0.4794,0.4789,0.4792,12462.2
1351,1351,1694989860000,0.4792,0.4792,0.4787,0.4787,10912.7
1352,1352,1694989920000,0.4786,0.4786,0.4781,0.4784,10152.1
1353,1353,1694989980000,0.4785,0.4785,0.4776,0.4781,12675.8
1354,1354,1694990040000,0.4782,0.4784,0.478,0.478,6643.8
1355,1355,1694990100000,0.4779,0.4782,0.4778,0.4782,11363.7
1356,1356,1694990160000,0.4781,0.4781,0.4779,0.4779,3023.7
1357,1357,1694990220000,0.4779,0.4784,0.4778,0.4782,10686.8
1358,1358,1694990280000,0.4782,0.4782,0.4779,0.478,8240.6
1359,1359,1694990340000,0.4781,0.4784,0.4781,0.4782,5947.5
1360,1360,1694990400000,0.4782,0.4783,0.4781,0.4783,3361.3
1361,1361,1694990460000,0.4783,0.4783,0.4778,0.4781,9575.2
1362,1362,1694990520000,0.4782,0.4784,0.4782,0.4784,2292.5
1363,1363,1694990580000,0.4783,0.4787,0.4782,0.4787,9381.0
1364,1364,1694990640000,0.4787,0.4788,0.4787,0.4787,768.8
1365,1365,1694990700000,0.4787,0.4791,0.4784,0.479,11991.7
1366,1366,1694990760000,0.479,0.4792,0.479,0.4792,5095.9
1367,1367,1694990820000,0.4791,0.4791,0.479,0.4791,3803.0
1368,1368,1694990880000,0.4792,0.4792,0.4789,0.4789,5488.1
1369,1369,1694990940000,0.4788,0.4789,0.4785,0.4787,17296.6
1370,1370,1694991000000,0.4787,0.479,0.4787,0.4789,13306.8
1371,1371,1694991060000,0.479,0.4791,0.4786,0.4786,9021.9
1372,1372,1694991120000,0.4786,0.4787,0.4786,0.4787,2392.0
1373,1373,1694991180000,0.4787,0.479,0.4787,0.4789,2169.7
1374,1374,1694991240000,0.4789,0.4789,0.4788,0.4788,6071.2
1375,1375,1694991300000,0.4787,0.479,0.4785,0.479,9590.1
1376,1376,1694991360000,0.479,0.479,0.4788,0.4789,3103.6
1377,1377,1694991420000,0.479,0.4791,0.479,0.4791,3190.2
1378,1378,1694991480000,0.4791,0.4792,0.4791,0.4792,2186.6
1379,1379,1694991540000,0.4792,0.4798,0.4792,0.4798,13012.4
1380,1380,1694991600000,0.4798,0.4798,0.4792,0.4792,13989.8
1381,1381,1694991660000,0.4792,0.4792,0.4787,0.4787,7218.1
1382,1382,1694991720000,0.4787,0.4787,0.4782,0.4784,22463.6
1383,1383,1694991780000,0.4784,0.4784,0.4777,0.478,15364.2
1384,1384,1694991840000,0.478,0.478,0.4775,0.4777,10674.0
1385,1385,1694991900000,0.4777,0.4777,0.4775,0.4775,5684.1
1386,1386,1694991960000,0.4775,0.4777,0.4775,0.4777,5782.7
1387,1387,1694992020000,0.4778,0.4781,0.4778,0.478,3335.1
1388,1388,1694992080000,0.4781,0.4785,0.4781,0.4785,4829.4
1389,1389,1694992140000,0.4785,0.4785,0.4782,0.4782,3738.0
1390,1390,1694992200000,0.4782,0.4785,0.4782,0.4782,6338.9
1391,1391,1694992260000,0.4781,0.4781,0.4778,0.4778,3414.9
1392,1392,1694992320000,0.4778,0.4779,0.4777,0.4777,2751.2
1393,1393,1694992380000,0.4777,0.4777,0.4772,0.4772,16666.5
1394,1394,1694992440000,0.4772,0.4774,0.4772,0.4773,3035.4
1395,1395,1694992500000,0.4773,0.4774,0.4772,0.4774,3631.5
1396,1396,1694992560000,0.4775,0.4779,0.4775,0.4779,4905.4
1397,1397,1694992620000,0.478,0.4783,0.478,0.4781,8336.9
1398,1398,1694992680000,0.4781,0.4785,0.4781,0.4785,3366.8
1399,1399,1694992740000,0.4786,0.4787,0.4786,0.4786,3307.7
1400,1400,1694992800000,0.4787,0.479,0.4785,0.4787,10463.9
1401,1401,1694992860000,0.4788,0.479,0.4787,0.479,7240.7
1402,1402,1694992920000,0.4792,0.4792,0.4791,0.4791,8875.6
1403,1403,1694992980000,0.479,0.479,0.4788,0.4788,2180.3
1404,1404,1694993040000,0.4789,0.4791,0.4789,0.4791,900.8
1405,1405,1694993100000,0.479,0.479,0.4789,0.479,1482.0
1406,1406,1694993160000,0.4791,0.4792,0.4783,0.4785,11947.2
1407,1407,1694993220000,0.4785,0.4788,0.4785,0.4788,1664.1
1408,1408,1694993280000,0.4787,0.4787,0.4787,0.4787,1246.8
1409,1409,1694993340000,0.4787,0.479,0.4787,0.479,5160.1
1410,1410,1694993400000,0.4789,0.479,0.4781,0.4781,19524.8
1411,1411,1694993460000,0.4782,0.4784,0.4782,0.4783,5276.6
1412,1412,1694993520000,0.4783,0.4784,0.4783,0.4783,4692.3
1413,1413,1694993580000,0.4783,0.4783,0.4783,0.4783,1457.4
1414,1414,1694993640000,0.4784,0.4789,0.4784,0.4788,11477.1
1415,1415,1694993700000,0.4789,0.4789,0.4778,0.4779,55782.3
1416,1416,1694993760000,0.4778,0.4781,0.4778,0.4779,9624.7
1417,1417,1694993820000,0.478,0.4783,0.478,0.4782,3837.0
1418,1418,1694993880000,0.4782,0.4782,0.4777,0.4778,12364.0
1419,1419,1694993940000,0.4778,0.4779,0.4776,0.4779,6417.8
1420,1420,1694994000000,0.478,0.478,0.4778,0.4779,6993.4
1421,1421,1694994060000,0.4779,0.4779,0.4778,0.4778,4006.4
1422,1422,1694994120000,0.4777,0.478,0.4777,0.478,3223.5
1423,1423,1694994180000,0.4779,0.4779,0.4779,0.4779,117.2
1424,1424,1694994240000,0.478,0.4784,0.478,0.4784,11072.0
1425,1425,1694994300000,0.4783,0.4786,0.4782,0.4786,8535.5
1426,1426,1694994360000,0.4786,0.4791,0.4786,0.4791,1761.7
1427,1427,1694994420000,0.4792,0.4792,0.4791,0.4791,8591.1
1428,1428,1694994480000,0.4791,0.4796,0.4791,0.4796,5545.0
1429,1429,1694994540000,0.4797,0.4797,0.4797,0.4797,5874.5
1430,1430,1694994600000,0.4796,0.4796,0.4791,0.4795,9150.4
1431,1431,1694994660000,0.4797,0.4799,0.4797,0.4799,4116.0
1432,1432,1694994720000,0.4799,0.4805,0.4799,0.4803,55193.3
1433,1433,1694994780000,0.4802,0.4812,0.4802,0.481,30860.1
1434,1434,1694994840000,0.481,0.4811,0.481,0.4811,5607.7
1435,1435,1694994900000,0.4811,0.4812,0.4808,0.4808,19255.1
1436,1436,1694994960000,0.4809,0.481,0.4808,0.4809,4996.1
1437,1437,1694995020000,0.4809,0.4809,0.4805,0.4805,3237.3
1438,1438,1694995080000,0.4805,0.4805,0.4801,0.4803,8441.5
1439,1439,1694995140000,0.4804,0.4806,0.4796,0.48,43681.7
